1.20651755520565e-16 0.0417452122146176
0.000100000000000101 -0.704389383262368
0.000200000000000081 -0.716975330446588
0.000300000000000062 -0.524980757122687
0.000400000000000042 -0.579284404140817
0.000500000000000022 -0.583620163216619
0.000600000000000003 -0.519750109953015
0.000700000000000224 -0.553974307074211
0.000800000000000204 -0.55163361176927
0.000900000000000185 -0.549663175955921
0.00100000000000017 -0.478720017920703
0.00110000000000015 -0.535952744125602
0.00120000000000013 -0.516985012261814
0.00130000000000011 -0.487340239005096
0.00140000000000009 -0.479014428864961
0.00150000000000007 -0.488108367481235
0.00160000000000005 -0.453829396748065
0.00170000000000003 -0.489515136319932
0.00180000000000001 -0.454052921544591
0.00190000000000023 -0.441305608236231
0.00200000000000021 -0.462063216903247
0.00210000000000019 -0.430696094464318
0.00220000000000017 -0.428384213954389
0.00230000000000015 -0.419446447117747
0.00240000000000013 -0.409375466573277
0.00250000000000011 -0.414221282277851
0.00260000000000009 -0.385872450442845
0.00270000000000007 -0.384502167110253
0.00280000000000005 -0.400001101507226
0.00290000000000003 -0.35468232199483
0.00300000000000001 -0.375903597625392
0.00310000000000023 -0.332208900513521
0.00320000000000021 -0.365958356696115
0.00330000000000019 -0.339186060350397
0.00340000000000018 -0.353771493337141
0.00350000000000016 -0.320731097436336
0.00360000000000014 -0.329697976303715
0.00370000000000012 -0.306987089072244
0.0038000000000001 -0.320108620098269
0.00390000000000008 -0.300847869743552
0.00400000000000006 -0.311020544303501
0.00410000000000004 -0.25252120598931
0.00420000000000002 -0.283191031206471
0.00430000000000024 -0.261331277051571
0.00440000000000022 -0.257144337394407
0.0045000000000002 -0.258890705468324
0.00460000000000018 -0.218940839678642
0.00470000000000016 -0.238698290227011
0.00480000000000014 -0.22599602170409
0.00490000000000012 -0.228038248262038
0.0050000000000001 -0.196936693491729
0.00510000000000008 -0.190386102260557
0.00520000000000006 -0.192611904736756
0.00530000000000004 -0.191545332078542
0.00540000000000002 -0.163112477779781
0.0055 -0.193661168247603
0.00560000000000022 -0.138819872198674
0.0057000000000002 -0.161316197654845
0.00580000000000019 -0.150550028564338
0.00590000000000017 -0.132561921870281
0.00600000000000015 -0.137951175371665
0.00610000000000013 -0.114169495285876
0.00620000000000011 -0.10466455041718
0.00630000000000009 -0.0898663274968116
0.00640000000000007 -0.113637641891283
0.00650000000000005 -0.0800694911485118
0.00660000000000003 -0.10813664191454
0.00670000000000001 -0.0851797442773125
0.00680000000000023 -0.0783911206030415
0.00690000000000021 -0.0555970531226116
0.00700000000000019 -0.0565136075535784
0.00710000000000017 -0.0722878307391586
0.00720000000000015 -0.0207239830004083
0.00730000000000013 -0.0351068672749273
0.00740000000000011 -0.018100613799997
0.00750000000000009 -0.00888470504004604
0.00760000000000007 -0.0437268415085329
0.00770000000000005 -0.0157077060596833
0.00780000000000003 -0.00655039459000479
0.00790000000000001 0.0259703269681807
0.00800000000000023 0.00859262035614247
0.00810000000000021 0.0259266089938521
0.00820000000000019 0.0398194361043921
0.00830000000000018 0.0448073719212687
0.00840000000000016 0.0532617010190538
0.00850000000000014 0.0417319582673858
0.00860000000000012 0.0704850434861196
0.0087000000000001 0.0513750434294833
0.00880000000000008 0.0914415445913026
0.00890000000000006 0.0846637353361224
0.00900000000000004 0.0926415304943853
0.00910000000000002 0.0866309918904989
0.00920000000000024 0.0893217665220146
0.00930000000000022 0.120219830891143
0.0094000000000002 0.115392852880321
0.00950000000000018 0.12397654078686
0.00960000000000016 0.122144443172224
0.00970000000000014 0.15561105031091
0.00980000000000012 0.167028895665185
0.0099000000000001 0.184274714264318
0.0100000000000001 0.164761817395802
0.0101000000000001 0.194921925746325
0.0102 0.161438717429369
0.0103 0.188597748532962
0.0104 0.189241046573207
0.0105000000000002 0.211304868289728
0.0106000000000002 0.197682431965211
0.0107000000000002 0.243598902731751
0.0108000000000002 0.260698663264096
0.0109000000000001 0.211886254016698
0.0110000000000001 0.250753351845746
0.0111000000000001 0.231054127166974
0.0112000000000001 0.255149680372222
0.0113000000000001 0.246989279802099
0.0114 0.255230066359789
0.0115 0.30475156125045
0.0116 0.282681091117366
0.0117000000000002 0.317334155862734
0.0118000000000002 0.281489408815383
0.0119000000000002 0.298048467740383
0.0120000000000002 0.315374854031405
0.0121000000000002 0.338956881433622
0.0122000000000001 0.305635778435027
0.0123000000000001 0.328424746517528
0.0124000000000001 0.351148930612324
0.0125000000000001 0.369013642176891
0.0126000000000001 0.353242054889038
0.0127 0.357036429909184
0.0128 0.34546376216292
0.0129000000000002 0.399955707043107
0.0130000000000002 0.37578323244414
0.0131000000000002 0.377911856404933
0.0132000000000002 0.427607624946013
0.0133000000000002 0.38791517705498
0.0134000000000001 0.399767339749978
0.0135000000000001 0.442706616645121
0.0136000000000001 0.411622315441824
0.0137000000000001 0.412473096904409
0.0138000000000001 0.43832668413562
0.0139 0.448115791101795
0.014 0.429369233797523
0.0141000000000002 0.448947169789467
0.0142000000000002 0.472252244235949
0.0143000000000002 0.475857626325104
0.0144000000000002 0.482468386750139
0.0145000000000002 0.455794176254696
0.0146000000000001 0.496510075950344
0.0147000000000001 0.50261669416731
0.0148000000000001 0.496417041828486
0.0149000000000001 0.504231118447941
0.0150000000000001 0.480989045511197
0.0151 0.532217941819607
0.0152 0.538380425688044
0.0153 0.538280007459724
0.0154000000000002 0.561109261395556
0.0155000000000002 0.565478666677786
0.0156000000000002 0.576530341091535
0.0157000000000002 0.564838335957291
0.0158000000000001 0.584085416871541
0.0159000000000001 0.57338341938471
0.0160000000000001 0.591745582782947
0.0161000000000001 0.607251392898155
0.0162000000000001 0.587916210401867
0.0163 0.614189159233062
0.0164 0.604103536502039
0.0165 0.625276499390108
0.0166000000000002 0.633491636469262
0.0167000000000002 0.625966454555532
0.0168000000000002 0.646671052828602
0.0169000000000002 0.654321263738294
0.0170000000000002 0.653572986599585
0.0171000000000001 0.675415821151533
0.0172000000000001 0.687469080660948
0.0173000000000001 0.676036689114845
0.0174000000000001 0.671894681647424
0.0175000000000001 0.699174291401371
0.0176 0.697241839649042
0.0177 0.705461553283698
0.0178000000000002 0.697400534778591
0.0179000000000002 0.757183623485259
0.0180000000000002 0.724285779823389
0.0181000000000002 0.724595221090858
0.0182000000000002 0.742460082390374
0.0183000000000001 0.75562518114862
0.0184000000000001 0.736138443344101
0.0185000000000001 0.774577446428618
0.0186000000000001 0.783789747207442
0.0187000000000001 0.739402066294918
0.0188 0.817563911939881
0.0189 0.806073614517914
0.0190000000000002 0.783538590087305
0.0191000000000002 0.794995229463151
0.0192000000000002 0.822158836256665
0.0193000000000002 0.819377931716466
0.0194000000000002 0.826868249207647
0.0195000000000001 0.841773226847439
0.0196000000000001 0.836397908389865
0.0197000000000001 0.84016286643001
0.0198000000000001 0.818981320371718
0.0199000000000001 0.865029111454635
0.02 0.845777434284262
0.0201 0.858736536790641
0.0202 0.904364159435282
0.0203000000000002 0.904442261060754
0.0204000000000002 0.855924520673347
0.0205000000000002 0.87039473790774
0.0206000000000002 0.903285059397009
0.0207000000000001 0.906619710383896
0.0208000000000001 0.91751665322644
0.0209000000000001 0.942858652114502
0.0210000000000001 0.933018074426575
0.0211000000000001 0.904374248061584
0.0212 0.942696177263449
0.0213 0.935340556277388
0.0214 0.931369603746247
0.0215000000000002 0.96515266557432
0.0216000000000002 0.982063514557196
0.0217000000000002 0.981096763720228
0.0218000000000002 0.984603695078905
0.0219000000000002 0.977049901855174
0.0220000000000001 0.98955384617685
0.0221000000000001 0.983950856074106
0.0222000000000001 0.997374076660772
0.0223000000000001 1.00871318522772
0.0224000000000001 1.01390527230595
0.0225 1.04297686632585
0.0226 1.01883182913497
0.0227000000000002 1.02351064812889
0.0228000000000002 1.04270382536719
0.0229000000000002 1.03448742924461
0.0230000000000002 1.06861654381385
0.0231000000000002 1.0314632680662
0.0232000000000001 1.05611308813487
0.0233000000000001 1.07320835672615
0.0234000000000001 1.06665242894889
0.0235000000000001 1.08738275337444
0.0236000000000001 1.09726374740771
0.0237 1.09281581207009
0.0238 1.08605510332899
0.0239000000000002 1.12517403537322
0.0240000000000002 1.10513521214561
0.0241000000000002 1.10562576373161
0.0242000000000002 1.14398196519252
0.0243000000000002 1.10948748947658
0.0244000000000001 1.119927066339
0.0245000000000001 1.1555527875385
0.0246000000000001 1.14259692653481
0.0247000000000001 1.15311450515639
0.0248000000000001 1.15664674068181
0.0249 1.17008280592251
0.025 1.19105891138408
0.0251000000000001 1.20557145982187
0.0252000000000002 1.18512653576733
0.0253000000000002 1.19077749690336
0.0254000000000002 1.19854304350085
0.0255000000000002 1.22780776868623
0.0256000000000001 1.22374487661575
0.0257000000000001 1.1985634943506
0.0258000000000001 1.22893287457585
0.0259000000000001 1.21209913102006
0.0260000000000001 1.23127023855246
0.0261000000000001 1.24933406685157
0.0262 1.2547501053514
0.0263 1.27106853435282
0.0264000000000002 1.26743710405842
0.0265000000000002 1.26795959301825
0.0266000000000002 1.27245522847063
0.0267000000000002 1.28164090632581
0.0268000000000002 1.28877396174677
0.0269000000000001 1.28474903888955
0.0270000000000001 1.30556284652194
0.0271000000000001 1.28869112707407
0.0272000000000001 1.30410892121814
0.0273000000000001 1.31339863837635
0.0274 1.29817265113524
0.0275 1.32240220510922
0.0276000000000002 1.3643159973563
0.0277000000000002 1.33932588947536
0.0278000000000002 1.3558195572031
0.0279000000000002 1.33956955941837
0.0280000000000002 1.35887534731517
0.0281000000000001 1.3465635168311
0.0282000000000001 1.36253348394565
0.0283000000000001 1.41167645161184
0.0284000000000001 1.36725840994341
0.0285000000000001 1.39983841433951
0.0286 1.37443332725868
0.0287 1.38150332320958
0.0288000000000002 1.39509225246589
0.0289000000000002 1.39350512023726
0.0290000000000002 1.43878415693591
0.0291000000000002 1.43436906591404
0.0292000000000002 1.43219317373079
0.0293000000000001 1.44241595639259
0.0294000000000001 1.41460553317688
0.0295000000000001 1.46065962768718
0.0296000000000001 1.43155176561777
0.0297000000000001 1.47124786920686
0.0298 1.43814632623407
0.0299 1.49369524896966
0.0300000000000001 1.48342000815245
0.0301000000000002 1.46200711544478
0.0302000000000002 1.51668385225659
0.0303000000000002 1.47671228270822
0.0304000000000002 1.49768078539402
0.0305000000000001 1.50497054213483
0.0306000000000001 1.52283339974891
0.0307000000000001 1.52159922540506
0.0308000000000001 1.50759659941473
0.0309000000000001 1.51940026144302
0.031 1.50946477458008
0.0311 1.54645164702167
0.0312 1.52254554544083
0.0313000000000002 1.58051918934707
0.0314000000000002 1.51587322415886
0.0315000000000002 1.56515667544722
0.0316000000000002 1.55930429737592
0.0317000000000002 1.58391410844455
0.0318000000000001 1.59264202619979
0.0319000000000001 1.58747707121837
0.0320000000000001 1.5995720997845
0.0321000000000001 1.58398719538254
0.0322000000000001 1.59276826180586
0.0323 1.63496370866133
0.0324 1.58167044593877
0.0325000000000002 1.62589580444494
0.0326000000000002 1.6364951606708
0.0327000000000002 1.6012540082599
0.0328000000000002 1.67514833999142
0.0329000000000002 1.63417729171825
0.0330000000000001 1.6459927844377
0.0331000000000001 1.65898938156029
0.0332000000000001 1.67188415213536
0.0333000000000001 1.65276443714284
0.0334000000000001 1.67021898320116
0.0335 1.69572900866448
0.0336 1.67699857574937
0.0337000000000002 1.6884092956245
0.0338000000000002 1.68823113044745
0.0339000000000002 1.69473918432955
0.0340000000000002 1.70203489167694
0.0341000000000002 1.69100916557344
0.0342000000000001 1.74044627271405
0.0343000000000001 1.69303767532079
0.0344000000000001 1.73314208147918
0.0345000000000001 1.72757230542501
0.0346000000000001 1.73875094091735
0.0347 1.72919141623349
0.0348 1.75171892038443
0.0349000000000001 1.76109313838927
0.0350000000000002 1.69850964497906
0.0351000000000002 1.77492780888533
0.0352000000000002 1.79249487670961
0.0353000000000002 1.76895003520621
0.0354000000000001 1.78687149754005
0.0355000000000001 1.78643168663729
0.0356000000000001 1.80085796961411
0.0357000000000001 1.79624142056762
0.0358000000000001 1.82148935491474
0.0359 1.76947057848687
0.036 1.80855623599376
0.0361 1.81740731984059
0.0362000000000002 1.86099866760071
0.0363000000000002 1.80937688942647
0.0364000000000002 1.83301384857551
0.0365000000000002 1.84976496779616
0.0366000000000002 1.81599305315685
0.0367000000000001 1.84663347598794
0.0368000000000001 1.8648653539939
0.0369000000000001 1.82853749971452
0.0370000000000001 1.836043915623
0.0371000000000001 1.85495989401491
0.0372 1.88313903955138
0.0373 1.85010725186231
0.0374000000000002 1.8740756082099
0.0375000000000002 1.87954979167059
0.0376000000000002 1.89198857399631
0.0377000000000002 1.88730797853657
0.0378000000000002 1.90341507801677
0.0379000000000001 1.92042464413115
0.0380000000000001 1.89996049350272
0.0381000000000001 1.90987237798104
0.0382000000000001 1.94254773437804
0.0383000000000001 1.90820963307632
0.0384 1.93809224414825
0.0385 1.95079306023238
0.0386000000000002 1.93798261912125
0.0387000000000002 1.92769308360568
0.0388000000000002 1.98420916239941
0.0389000000000002 1.94805736892191
0.0390000000000002 1.94152453879656
0.0391000000000001 2.00180236369907
0.0392000000000001 1.96941469730273
0.0393000000000001 1.9629432189502
0.0394000000000001 1.99496693280093
0.0395000000000001 1.97739309784234
0.0396 2.01724297926151
0.0397 1.99673548113045
0.0398000000000001 2.0417927222378
0.0399000000000002 2.0143450736873
0.0400000000000002 2.04376357411347
0.0401000000000002 2.02056923670066
0.0402000000000002 2.01478902856618
0.0403000000000001 2.0311040763288
0.0404000000000001 2.02963217726833
0.0405000000000001 2.05027063536866
0.0406000000000001 2.0531272422945
0.0407000000000001 2.04779165041227
0.0408000000000001 2.04434084708509
0.0409 2.07865531781863
0.041 2.08419696193216
0.0411000000000002 2.07956693648501
0.0412000000000002 2.07576877358618
0.0413000000000002 2.10398741268244
0.0414000000000002 2.06713718068346
0.0415000000000002 2.1247117867825
0.0416000000000001 2.11932644107421
0.0417000000000001 2.08586311686213
0.0418000000000001 2.131671019077
0.0419000000000001 2.0943416099096
0.0420000000000001 2.10760538846717
0.0421 2.1257687810436
0.0422 2.13502971113416
0.0423000000000002 2.16292104701279
0.0424000000000002 2.13300629419949
0.0425000000000002 2.12432391320236
0.0426000000000002 2.15441818803214
0.0427000000000002 2.13931881692184
0.0428000000000001 2.15670306034437
0.0429000000000001 2.16616286163068
0.0430000000000001 2.14355866042824
0.0431000000000001 2.16432594933101
0.0432000000000001 2.18076823721455
0.0433 2.20150146320723
0.0434 2.18834951832805
0.0435000000000001 2.16727149865692
0.0436000000000002 2.21420518406085
0.0437000000000002 2.19597768861687
0.0438000000000002 2.20647685710953
0.0439000000000002 2.2329039002522
0.0440000000000001 2.21378853705419
0.0441000000000001 2.2236139051189
0.0442000000000001 2.20848666545536
0.0443000000000001 2.22277375083982
0.0444000000000001 2.2536291068147
0.0445 2.25066829648737
0.0446 2.23891325854361
0.0447000000000001 2.25552221519843
0.0448000000000002 2.25545555982038
0.0449000000000002 2.24437979884763
0.0450000000000002 2.29958847127858
0.0451000000000002 2.27093312715489
0.0452000000000001 2.27192754133702
0.0453000000000001 2.25956982004382
0.0454000000000001 2.27180262693731
0.0455000000000001 2.29204537999971
0.0456000000000001 2.29170406073108
0.0457000000000001 2.30038630679474
0.0458 2.29712561113445
0.0459 2.30392586037188
0.0460000000000002 2.33071185888476
0.0461000000000002 2.33074575455175
0.0462000000000002 2.33999821273038
0.0463000000000002 2.29769411900975
0.0464000000000002 2.37172551639216
0.0465000000000001 2.33825558766097
0.0466000000000001 2.34811459663048
0.0467000000000001 2.33719422047339
0.0468000000000001 2.35087358813977
0.0469000000000001 2.35031763606434
0.047 2.37339704398865
0.0471 2.37266130215481
0.0472000000000002 2.36910834782224
0.0473000000000002 2.38995810387398
0.0474000000000002 2.379223298386
0.0475000000000002 2.40042964748336
0.0476000000000002 2.42254563872202
0.0477000000000001 2.41859171952121
0.0478000000000001 2.38385037745806
0.0479000000000001 2.41286236196214
0.0480000000000001 2.42189611625528
0.0481000000000001 2.40438052134145
0.0482 2.38310045486495
0.0483 2.47055885993698
0.0484000000000002 2.43098292243435
0.0485000000000002 2.44338945511527
0.0486000000000002 2.42791456329866
0.0487000000000002 2.44849450789384
0.0488000000000002 2.40651796352727
0.0489000000000001 2.47024892770595
0.0490000000000001 2.44999664618359
0.0491000000000001 2.46154058580854
0.0492000000000001 2.46186069263247
0.0493000000000001 2.47447459683243
0.0494 2.47132519930375
0.0495 2.49415054229818
0.0496000000000001 2.51244688544344
0.0497000000000002 2.47040679706287
0.0498000000000002 2.50336547992036
0.0499000000000002 2.51091883358334
0.0500000000000002 2.50518358744113
0.0501000000000002 2.52112707394171
0.0502000000000001 2.48953527872934
0.0503000000000001 2.49203522242569
0.0504000000000001 2.53355787016652
0.0505000000000001 2.54715401740812
0.0506 2.53179354032796
0.0507 2.52886806460938
0.0508000000000001 2.55099926770211
0.0509000000000002 2.54515888933896
0.0510000000000002 2.5293347550615
0.0511000000000002 2.5704162597109
0.0512000000000002 2.55207728409445
0.0513000000000002 2.54186364413315
0.0514000000000001 2.56948546201053
0.0515000000000001 2.58200035589453
0.0516000000000001 2.55040485088296
0.0517000000000001 2.62653263807362
0.0518000000000001 2.57419457771384
0.0519 2.56769215694557
0.052 2.61224858121766
0.0521000000000002 2.61737994540249
0.0522000000000002 2.62036915505248
0.0523000000000002 2.62455429336066
0.0524000000000002 2.63465856607595
0.0525000000000002 2.62398061744251
0.0526000000000001 2.64752777946332
0.0527000000000001 2.6453834874621
0.0528000000000001 2.6305997133005
0.0529000000000001 2.65115586334574
0.0530000000000001 2.67992969532426
0.0531 2.64343685723997
0.0532 2.65581828247519
0.0533000000000002 2.67405939940263
0.0534000000000002 2.6632255113978
0.0535000000000002 2.70685997041148
0.0536000000000002 2.67074173520236
0.0537000000000002 2.68455003725471
0.0538000000000001 2.68389485812475
0.0539000000000001 2.72788807937947
0.0540000000000001 2.68275158112738
0.0541000000000001 2.7063981063431
0.0542000000000001 2.71827812376061
0.0543 2.72201648793858
0.0544 2.71921282649647
0.0545000000000001 2.7486474628326
0.0546000000000002 2.71486859061329
0.0547000000000002 2.7512618625416
0.0548000000000002 2.71307104005716
0.0549000000000002 2.75194840175714
0.0550000000000002 2.70238675620581
0.0551000000000001 2.76814730553783
0.0552000000000001 2.74582407359469
0.0553000000000001 2.73634791679147
0.0554000000000001 2.76339283156628
0.0555 2.73717913788263
0.0556 2.78536317585193
0.0557000000000001 2.7578839725448
0.0558000000000002 2.77479659039513
0.0559000000000002 2.7651602737284
0.0560000000000002 2.80285688138835
0.0561000000000002 2.77495366211753
0.0562000000000002 2.79627815628819
0.0563000000000001 2.79832111120942
0.0564000000000001 2.80742461176883
0.0565000000000001 2.82709057187268
0.0566000000000001 2.7868098221272
0.0567000000000001 2.81530034737156
0.0568 2.82611169338555
0.0569 2.84053609349832
0.0570000000000002 2.83867572795721
0.0571000000000002 2.81226838900635
0.0572000000000002 2.84401429897582
0.0573000000000002 2.83010003836686
0.0574000000000002 2.84615600027999
0.0575000000000001 2.83348159710054
0.0576000000000001 2.8848478930312
0.0577000000000001 2.81296766803226
0.0578000000000001 2.84846520484784
0.0579000000000001 2.91521121083289
0.058 2.88840550172729
0.0581 2.85874211320611
0.0582000000000002 2.87947117445702
0.0583000000000002 2.86171241609095
0.0584000000000002 2.89421015321143
0.0585000000000002 2.87206052753834
0.0586000000000002 2.91063483265841
0.0587000000000001 2.89142655099062
0.0588000000000001 2.88958367943192
0.0589000000000001 2.92014995098747
0.0590000000000001 2.91277257497939
0.0591000000000001 2.90837562390489
0.0592 2.91983689549436
0.0593 2.92569087122785
0.0594000000000003 2.91532065264718
0.0595000000000002 2.95455773935777
0.0596000000000002 2.93525134315551
0.0597000000000002 2.93322028787711
0.0598000000000002 2.9305834662211
0.0599000000000001 2.95508739512228
0.0600000000000001 2.94312763323892
0.0601000000000001 2.96699259388084
0.0602000000000001 2.9580426064915
0.0603000000000001 2.98796131180637
0.0604000000000001 2.96905679673286
0.0605 2.96674617742816
0.0606000000000001 2.98052465101767
0.0607000000000002 2.95668619283484
0.0608000000000002 3.01251762538738
0.0609000000000002 2.99238048209537
0.0610000000000002 2.9998268205536
0.0611000000000002 3.00394155786552
0.0612000000000001 2.98852706230062
0.0613000000000001 3.03342987606233
0.0614000000000001 3.00915748911634
0.0615000000000001 3.00950350876315
0.0616000000000001 3.01568187351786
0.0617 3.02464984756069
0.0618 3.04543926909538
0.0619000000000002 3.05815370203843
0.0620000000000002 3.02975172165535
0.0621000000000002 3.0212141670963
0.0622000000000002 3.04315396050414
0.0623000000000002 3.02624168472262
0.0624000000000001 3.06794051647418
0.0625000000000001 3.04576169572718
0.0626000000000001 3.05432544541227
0.0627000000000001 3.06774065307472
0.0628000000000001 3.09393236301399
0.0629 3.07267318818954
0.063 3.05615388363204
0.0631000000000002 3.06406868668197
0.0632000000000002 3.09140884317032
0.0633000000000002 3.09788624932087
0.0634000000000002 3.09196454518347
0.0635000000000002 3.10102042673123
0.0636000000000001 3.105732717809
0.0637000000000001 3.0968879003165
0.0638000000000001 3.14020520190443
0.0639000000000001 3.09601323872084
0.0640000000000001 3.11697384697877
0.0641 3.10271570862426
0.0642 3.09825032485599
0.0643000000000001 3.15579125826688
0.0644000000000002 3.10221825239372
0.0645000000000002 3.14313271526452
0.0646000000000002 3.15481522411057
0.0647000000000002 3.10564029960035
0.0648000000000001 3.13511894105897
0.0649000000000001 3.12891294953018
0.0650000000000001 3.17448097942895
0.0651000000000001 3.15521511191669
0.0652000000000001 3.12604118377765
0.0653000000000001 3.16401551643672
0.0654 3.17318565660323
0.0655 3.19483768562635
0.0656000000000002 3.15952215449218
0.0657000000000002 3.21238764639005
0.0658000000000002 3.17225857367527
0.0659000000000002 3.16712156296575
0.0660000000000002 3.21109577306785
0.0661000000000001 3.20357588806754
0.0662000000000001 3.19901946160559
0.0663000000000001 3.18788433075354
0.0664000000000001 3.22272007681876
0.0665000000000001 3.22221611618377
0.0666 3.18843816422902
0.0667 3.25811086870072
0.0668000000000002 3.21276269786011
0.0669000000000002 3.24599953926139
0.0670000000000002 3.22285487184931
0.0671000000000002 3.23586230401538
0.0672000000000002 3.23737596281571
0.0673000000000001 3.23771376630947
0.0674000000000001 3.24046049006394
0.0675000000000001 3.25736330678603
0.0676000000000001 3.27626909815779
0.0677000000000001 3.23391700588023
0.0678 3.27455080725021
0.0679 3.2724906894616
0.0680000000000001 3.29069780647276
0.0681000000000002 3.29343006250022
0.0682000000000002 3.28691002683944
0.0683000000000002 3.30449988057824
0.0684000000000002 3.27211150609433
0.0685000000000001 3.30520354723909
0.0686000000000001 3.30976667231243
0.0687000000000001 3.32316953839993
0.0688000000000001 3.31221497656101
0.0689000000000001 3.29866759283613
0.069 3.28298115391413
0.0691 3.33573354167725
0.0692000000000001 3.35354811014115
0.0693000000000002 3.334055029666
0.0694000000000002 3.34458268217006
0.0695000000000002 3.3525685683768
0.0696000000000002 3.3503679529658
0.0697000000000002 3.32025540178991
0.0698000000000001 3.3488839308556
0.0699000000000001 3.37302264510359
0.0700000000000001 3.32633815884214
0.0701000000000001 3.36063076632778
0.0702000000000001 3.31596043887971
0.0703 3.378164564393
0.0704000000000001 3.37411787271934
0.0705000000000002 3.36944248079958
0.0706000000000002 3.38291364497659
0.0707000000000002 3.38663175877183
0.0708000000000002 3.37686450782143
0.0709000000000002 3.36683693782345
0.0710000000000001 3.40038409789807
0.0711000000000001 3.37530233580206
0.0712000000000001 3.37393938505746
0.0713000000000001 3.39500043571798
0.0714000000000001 3.42059436175688
0.0715 3.42396573793252
0.0716000000000001 3.42756967155034
0.0717000000000002 3.38462670120132
0.0718000000000002 3.42086820283109
0.0719000000000002 3.44095724962025
0.0720000000000002 3.41916080699032
0.0721000000000002 3.43660882429682
0.0722000000000001 3.40222742319223
0.0723000000000001 3.43622078103297
0.0724000000000001 3.44420137705239
0.0725000000000001 3.42977290340979
0.0726000000000001 3.42393388094113
0.0727 3.45337906820465
0.0728 3.46982340428761
0.0729000000000001 3.41741376194542
0.0730000000000002 3.47756936029777
0.0731000000000002 3.49129323559536
0.0732000000000002 3.48624753553552
0.0733000000000002 3.50574400341988
0.0734000000000001 3.47089634948402
0.0735000000000001 3.49150518890865
0.0736000000000001 3.48433539943313
0.0737000000000001 3.48558654600319
0.0738000000000001 3.49461945471533
0.0739 3.48301002606648
0.074 3.53664743015722
0.0741000000000001 3.51328223799677
0.0742000000000002 3.51005118079233
0.0743000000000002 3.51583342891166
0.0744000000000002 3.49486475079914
0.0745000000000002 3.53478706467822
0.0746000000000002 3.52633948910072
0.0747000000000001 3.49777505012008
0.0748000000000001 3.53835875976382
0.0749000000000001 3.52791469934684
0.0750000000000001 3.5577025349991
0.0751000000000001 3.52141072103204
0.0752 3.5297737804908
0.0753000000000001 3.56409720046995
0.0754000000000002 3.52412202787718
0.0755000000000002 3.57421501102223
0.0756000000000002 3.53214550289412
0.0757000000000002 3.56075827770001
0.0758000000000002 3.55175545031454
0.0759000000000001 3.56841355032934
0.0760000000000001 3.56162919211584
0.0761000000000001 3.56668096498322
0.0762000000000001 3.58131073248469
0.0763000000000001 3.59195050380118
0.0764 3.57280105103996
0.0765000000000001 3.57041726259346
0.0766000000000002 3.61862492685948
0.0767000000000002 3.59387162200268
0.0768000000000002 3.61266675044271
0.0769000000000002 3.59558172609174
0.0770000000000002 3.6000951037664
0.0771000000000001 3.63731283349041
0.0772000000000001 3.61856843707753
0.0773000000000001 3.65161064000208
0.0774000000000001 3.63983827804368
0.0775000000000001 3.59899772149374
0.0776 3.63804596283611
0.0777 3.62923569068791
0.0778000000000002 3.63482868582129
0.0779000000000002 3.64993519320829
0.0780000000000002 3.65613599156399
0.0781000000000002 3.64818682800195
0.0782000000000002 3.6566575444473
0.0783000000000001 3.67708828350461
0.0784000000000001 3.61702281673922
0.0785000000000001 3.67827259288302
0.0786000000000001 3.65871634209537
0.0787000000000001 3.70923021539587
0.0788000000000001 3.66092679371559
0.0789 3.672124770948
0.0790000000000001 3.68508829581325
0.0791000000000002 3.68090811372881
0.0792000000000002 3.69297801767106
0.0793000000000002 3.69189748931861
0.0794000000000002 3.66910232074668
0.0795000000000002 3.70560732962631
0.0796000000000001 3.70856871727633
0.0797000000000001 3.69270866138767
0.0798000000000001 3.72409792291204
0.0799000000000001 3.69050817689582
0.0800000000000001 3.69413286015401
0.0801 3.76659033414532
0.0802000000000001 3.72608050067141
0.0803000000000002 3.7140098416966
0.0804000000000002 3.76640557210426
0.0805000000000002 3.74521817206561
0.0806000000000002 3.70560094866878
0.0807000000000002 3.77110597171071
0.0808000000000001 3.77361617893052
0.0809000000000001 3.74626052621838
0.0810000000000001 3.75410087566522
0.0811000000000001 3.77949264124994
0.0812000000000001 3.74116778600086
0.0813 3.72515789563532
0.0814 3.81031269458548
0.0815000000000002 3.75941409938425
0.0816000000000002 3.78569569540283
0.0817000000000002 3.78626423588142
0.0818000000000002 3.77066930896038
0.0819000000000002 3.76134011885685
0.0820000000000001 3.7987950878554
0.0821000000000001 3.82733349220326
0.0822000000000001 3.78818789854167
0.0823000000000001 3.77977776263927
0.0824000000000001 3.79601524572861
0.0825 3.77838008759638
0.0826 3.83743437346706
0.0827000000000002 3.80824045473408
0.0828000000000002 3.84718903956798
0.0829000000000002 3.83776410542605
0.0830000000000002 3.80416399942834
0.0831000000000002 3.82374510029814
0.0832000000000001 3.81556784061278
0.0833000000000001 3.82238545628509
0.0834000000000001 3.83961912328024
0.0835000000000001 3.83554544056086
0.0836000000000001 3.84994066440843
0.0837000000000001 3.83934315054038
0.0838 3.80613328996701
0.0839000000000001 3.87574440360295
0.0840000000000002 3.82252746355743
0.0841000000000002 3.8582898451405
0.0842000000000002 3.88054811368483
0.0843000000000002 3.86574776913962
0.0844000000000002 3.85641246110915
0.0845000000000001 3.85880927099482
0.0846000000000001 3.86072647565407
0.0847000000000001 3.90923463732465
0.0848000000000001 3.87327554534302
0.0849000000000001 3.86468533342355
0.085 3.9168158852806
0.0851000000000001 3.90630916471539
0.0852000000000002 3.85888783558551
0.0853000000000002 3.92833424316488
0.0854000000000002 3.91373962505334
0.0855000000000002 3.89806023402124
0.0856000000000002 3.88831581955194
0.0857000000000001 3.88874504635843
0.0858000000000001 3.92182902539664
0.0859000000000001 3.89065068161036
0.0860000000000001 3.90218865104704
0.0861000000000001 3.93666053417396
0.0862 3.92132163248021
0.0863000000000001 3.94038366588588
0.0864000000000002 3.93361786105708
0.0865000000000002 3.93462853949046
0.0866000000000002 3.93626069231365
0.0867000000000002 3.95800155995833
0.0868 3.93954285560474
0.0869000000000003 3.94069690144801
0.0870000000000002 3.96169885811391
0.0871000000000002 3.99097259982941
0.0872000000000002 3.95685641738615
0.0873000000000002 3.95310458886564
0.0874000000000002 3.9561709563521
0.0875000000000001 3.99148957679787
0.0876000000000001 3.97676192303928
0.0877000000000001 3.97499398721093
0.0878000000000001 3.9646720011349
0.0879000000000001 3.99288260530376
0.0880000000000001 4.01696973491523
0.0881 3.98825070793141
0.0882 4.00455149522481
0.0883000000000002 4.01635250450773
0.0884000000000002 4.0027658053853
0.0885000000000002 4.00521356390258
0.0886000000000002 4.02919356720668
0.0887000000000002 4.02611490231342
0.0888000000000001 4.01183242384556
0.0889000000000001 4.01344411150736
0.0890000000000001 4.00457213456911
0.0891000000000001 4.04023575230289
0.0892000000000001 4.03852695586613
0.0893 4.0635865966107
0.0894000000000003 4.00814770556266
0.0895000000000002 4.02618257390835
0.0896000000000002 4.07468518687871
0.0897000000000002 4.03199139313685
0.0898000000000002 4.05193751904642
0.0899000000000002 4.04071384925441
0.0900000000000001 4.07238213142016
0.0901000000000001 4.07366373290758
0.0902000000000001 4.06556497841379
0.0903000000000001 4.04289679449376
0.0904 4.06720182035244
0.0905 4.07361226717034
0.0906 4.03907835801719
0.0907000000000002 4.0659333726134
0.0908000000000002 4.09197829877111
0.0909000000000002 4.09165354700099
0.0910000000000002 4.07053617683051
0.0911000000000002 4.07996806360682
0.0912000000000001 4.0938939255565
0.0913000000000001 4.1109001539506
0.0914000000000001 4.08360970244006
0.0915000000000001 4.09941042370144
0.0916000000000001 4.1179767047861
0.0917 4.12688373681399
0.0918 4.11749363811392
0.0919000000000002 4.07833929714519
0.0920000000000002 4.09992539877024
0.0921000000000002 4.13900711225884
0.0922000000000002 4.11559913184583
0.0923000000000002 4.12119368026791
0.0924000000000001 4.13623929972129
0.0925000000000001 4.13469003591605
0.0926000000000001 4.1250390207779
0.0927000000000001 4.07742049463848
0.0928000000000001 4.15996183922367
0.0929000000000001 4.14568261008464
0.093 4.15291480539569
0.0931000000000003 4.14972296584894
0.0932000000000002 4.12107057305297
0.0933000000000002 4.15712152771688
0.0934000000000002 4.16913614848231
0.0935000000000002 4.12480709447806
0.0936000000000002 4.16040998028805
0.0937000000000001 4.18169225727361
0.0938000000000001 4.20046498226
0.0939000000000001 4.16128063191566
0.0940000000000001 4.18716188155285
0.0941000000000001 4.20589920056794
0.0942 4.19067581210538
0.0943000000000003 4.1660933866551
0.0944000000000002 4.2219106424817
0.0945000000000002 4.19527458472526
0.0946000000000002 4.21731074803604
0.0947000000000002 4.21863899688845
0.0948000000000002 4.20040385474042
0.0949000000000001 4.23868716537497
0.0950000000000001 4.21657856448286
0.0951000000000001 4.2205297548759
0.0952000000000001 4.23455623386194
0.0953000000000001 4.18888301367521
0.0954 4.20570738848814
0.0955 4.26160399089371
0.0956000000000002 4.2209218451548
0.0957000000000002 4.22635008878917
0.0958000000000002 4.25857723629446
0.0959000000000002 4.25273394364163
0.0960000000000002 4.21764930645711
0.0961000000000001 4.24947982548101
0.0962000000000001 4.28136113942322
0.0963000000000001 4.28520578397279
0.0964000000000001 4.21765894375248
0.0965000000000001 4.26936610279247
0.0966 4.27972362487978
0.0967000000000003 4.25975626401045
0.0968000000000002 4.23441995069722
0.0969000000000002 4.25050873063591
0.0970000000000002 4.29489876771231
0.0971000000000002 4.29115142148803
0.0972000000000002 4.30980306289162
0.0973000000000002 4.27163115064444
0.0974000000000001 4.29216102198026
0.0975000000000001 4.29580320067947
0.0976000000000001 4.28226273421087
0.0977000000000001 4.2714304819814
0.0978000000000001 4.31598211593942
0.0979 4.27829883129055
0.098 4.29887980897924
0.0981000000000002 4.33889441622919
0.0982000000000002 4.28049328851799
0.0983000000000002 4.29874229110658
0.0984000000000002 4.30812233143223
0.0985000000000002 4.32355471152649
0.0986000000000001 4.28325592321708
0.0987000000000001 4.30711224740667
0.0988000000000001 4.32286935565635
0.0989000000000001 4.3615726871925
0.099 4.35166036353342
0.0991 4.37235762681616
0.0992000000000003 4.34788896822005
0.0993000000000002 4.33972681236569
0.0994000000000002 4.33050749015209
0.0995000000000002 4.3568450582792
0.0996000000000002 4.37423148923909
0.0997000000000001 4.35273201897703
0.0998000000000001 4.33531794881664
0.0999000000000001 4.38112940671637
0.1 4.3700468427939
0.1001 4.36387099817634
0.1002 4.40112399076521
0.1003 4.39528366213933
0.1004 4.34367525531101
0.1005 4.36940391463913
0.1006 4.38482393890186
0.1007 4.37695846983854
0.1008 4.38395603393149
0.1009 4.36872716682197
0.101 4.42340468475596
0.1011 4.43433988800068
0.1012 4.41174178198086
0.1013 4.36823795849334
0.1014 4.45105539664508
0.1015 4.40377702127313
0.1016 4.39423982360248
0.1017 4.41614779559055
0.1018 4.42878012830789
0.1019 4.39821079370881
0.102 4.40595795307874
0.1021 4.44072545463899
0.1022 4.44358987125891
0.1023 4.45217459293042
0.1024 4.44165073370565
0.1025 4.43887116770297
0.1026 4.46409442480239
0.1027 4.4294853513016
0.1028 4.44168615298535
0.1029 4.46664001249321
0.103 4.4320788674284
0.1031 4.42736388783387
0.1032 4.49005932154767
0.1033 4.45256654784557
0.1034 4.43686432918729
0.1035 4.46997789028089
0.1036 4.46798251338071
0.1037 4.48341689605875
0.1038 4.46508615360978
0.1039 4.47115343157629
0.104 4.52545959153381
0.1041 4.47795900147115
0.1042 4.49552134357265
0.1043 4.47751226518624
0.1044 4.53341111881854
0.1045 4.51417248390593
0.1046 4.43429580642641
0.1047 4.51574988767411
0.1048 4.51531621894162
0.1049 4.49063241543474
0.105 4.5079490261
0.1051 4.52040577174318
0.1052 4.51048371176224
0.1053 4.53801534348751
0.1054 4.52432465744178
0.1055 4.53238892904693
0.1056 4.50878191905236
0.1057 4.53550058971986
0.1058 4.55218070957948
0.1059 4.5048263641419
0.106 4.53864609691502
0.1061 4.5214753696104
0.1062 4.52298052240116
0.1063 4.5407926303342
0.1064 4.51956789583947
0.1065 4.55736333588183
0.1066 4.58146406658008
0.1067 4.54440643230515
0.1068 4.5611712982084
0.1069 4.55655334925779
0.107 4.58572195545636
0.1071 4.55145403224573
0.1072 4.5410826275078
0.1073 4.55021580567309
0.1074 4.58976017327201
0.1075 4.58898933030024
0.1076 4.59660207007244
0.1077 4.58109488346565
0.1078 4.55923122792988
0.1079 4.62988023173406
0.108 4.59008940623493
0.1081 4.61021505983643
0.1082 4.61568368480658
0.1083 4.59206853493255
0.1084 4.61072770765219
0.1085 4.59572802002029
0.1086 4.65849699371621
0.1087 4.62282507641814
0.1088 4.60655208388627
0.1089 4.5979801226755
0.109 4.61352766265179
0.1091 4.62761041115887
0.1092 4.63633284379087
0.1093 4.62076581792296
0.1094 4.65809706933222
0.1095 4.63485345351262
0.1096 4.63601079454333
0.1097 4.63727587891452
0.1098 4.62872611277405
0.1099 4.69187978249527
0.11 4.6277674625255
0.1101 4.64967611060905
0.1102 4.66457644273256
0.1103 4.65422505319019
0.1104 4.70683239099248
0.1105 4.62930759306774
0.1106 4.69725613557311
0.1107 4.67808557024189
0.1108 4.67316310931625
0.1109 4.65606437376198
0.111 4.68768732844368
0.1111 4.67356226715383
0.1112 4.69068928033617
0.1113 4.69436578621101
0.1114 4.71241124317154
0.1115 4.66691964733943
0.1116 4.70395121888912
0.1117 4.69112195686045
0.1118 4.68046000448972
0.1119 4.71341344963253
0.112 4.73908018541511
0.1121 4.71308453573567
0.1122 4.72950125536398
0.1123 4.70149218855268
0.1124 4.6943858013664
0.1125 4.69156654803286
0.1126 4.69167627780701
0.1127 4.7392454413973
0.1128 4.72604752362368
0.1129 4.72230852630053
0.113 4.72396615762647
0.1131 4.72340986392023
0.1132 4.72792664301532
0.1133 4.7336609733495
0.1134 4.74630312406457
0.1135 4.73930503377283
0.1136 4.72233313821695
0.1137 4.71528282200733
0.1138 4.75313008039431
0.1139 4.73325432923449
0.114 4.758671141262
0.1141 4.73404252649546
0.1142 4.76483234675079
0.1143 4.78506355320888
0.1144 4.75972908020952
0.1145 4.73729104767903
0.1146 4.7508848707894
0.1147 4.76198642324489
0.1148 4.78053005925775
0.1149 4.79878222544141
0.115 4.78404092177325
0.1151 4.8089715955626
0.1152 4.78569597349544
0.1153 4.7945199368992
0.1154 4.82769963938155
0.1155 4.77355484853097
0.1156 4.81983063182321
0.1157 4.82797166995024
0.1158 4.80974153179937
0.1159 4.79990734239829
0.116 4.80333382362942
0.1161 4.82426989049886
0.1162 4.79157886178035
0.1163 4.80423185508934
0.1164 4.84506306356948
0.1165 4.82151670351758
0.1166 4.81869340443276
0.1167 4.82775482668806
0.1168 4.84129885085851
0.1169 4.82904398738043
0.117 4.81127391399201
0.1171 4.83358422479577
0.1172 4.8396049271605
0.1173 4.80112721756709
0.1174 4.84522261098632
0.1175 4.873407604556
0.1176 4.8757875963379
0.1177 4.84499670975479
0.1178 4.87013199175074
0.1179 4.86741821803006
0.118 4.86038419551674
0.1181 4.86613817402193
0.1182 4.85927775902063
0.1183 4.9036913873052
0.1184 4.83662585717676
0.1185 4.88521899775201
0.1186 4.87837155464449
0.1187 4.86422885948941
0.1188 4.90280295291024
0.1189 4.88172447410458
0.119 4.86784514105761
0.1191 4.91677818126018
0.1192 4.90225387178384
0.1193 4.86469209428567
0.1194 4.89886430196559
0.1195 4.90502482905813
0.1196 4.86950806000968
0.1197 4.91927342310557
0.1198 4.89212615619075
0.1199 4.89904541172512
0.12 4.9391371085082
0.1201 4.92348434944395
0.1202 4.92082707558398
0.1203 4.91971523200006
0.1204 4.90023397040746
0.1205 4.90085579428807
0.1206 4.91811498648262
0.1207 4.90791072083477
0.1208 4.92025776674338
0.1209 4.90414181213306
0.121 4.91673856951532
0.1211 4.95794683302278
0.1212 4.9159073750827
0.1213 4.89581814411667
0.1214 4.94754908071709
0.1215 4.94348549460874
0.1216 4.92006989397882
0.1217 5.00335851403198
0.1218 4.98378393052022
0.1219 4.96009841899449
0.122 4.93090216583288
0.1221 4.95383602818769
0.1222 5.00635830785303
0.1223 4.95990805410115
0.1224 4.9435987842758
0.1225 4.96956808304946
0.1226 4.97140814803761
0.1227 5.02525629733595
0.1228 4.97708128781496
0.1229 5.02213693829405
0.123 4.94462807009726
0.1231 4.98238603700136
0.1232 4.97905228059843
0.1233 5.00810066697398
0.1234 5.00838312319497
0.1235 4.98309709695043
0.1236 5.02312916873092
0.1237 4.9758575249415
0.1238 4.98106848017369
0.1239 5.00206672294945
0.124 4.99872514851397
0.1241 5.01209905410888
0.1242 5.02687059101227
0.1243 4.98704040960891
0.1244 5.02134128952405
0.1245 5.02180477880784
0.1246 5.03089826638902
0.1247 5.03115586204686
0.1248 5.00156973523972
0.1249 5.03330158971014
0.125 5.02676666470387
0.1251 5.04380549288987
0.1252 4.9939074377763
0.1253 5.04322123935876
0.1254 5.01687829160505
0.1255 5.03127811732619
0.1256 5.08226377255902
0.1257 5.02441253664217
0.1258 5.07145945902471
0.1259 5.01250663572235
0.126 5.06280811930802
0.1261 5.07452903515804
0.1262 5.03343404871586
0.1263 5.07891012400515
0.1264 5.07832987158907
0.1265 5.0977368366371
0.1266 5.06866672033949
0.1267 5.07357764724705
0.1268 5.09358391215683
0.1269 5.05860216701453
0.127 5.08957816578398
0.1271 5.09708673403006
0.1272 5.09208936607045
0.1273 5.1242524688467
0.1274 5.08921597610871
0.1275 5.09010576909201
0.1276 5.10138518399656
0.1277 5.10098134887157
0.1278 5.07300969503396
0.1279 5.06438220397509
0.128 5.09084119189259
0.1281 5.07374921572283
0.1282 5.10595553248733
0.1283 5.1002298043158
0.1284 5.0879214493091
0.1285 5.11296137174889
0.1286 5.10068423672479
0.1287 5.13578069404474
0.1288 5.099313336815
0.1289 5.10879934104981
0.129 5.12658406912104
0.1291 5.11672694568689
0.1292 5.13252304955299
0.1293 5.11419464193566
0.1294 5.14493127131197
0.1295 5.11200076739982
0.1296 5.16081115893663
0.1297 5.13015949955911
0.1298 5.149838208981
0.1299 5.14318217036242
0.13 5.11726451943601
0.1301 5.11912676491754
0.1302 5.15946509361423
0.1303 5.15896461311407
0.1304 5.14695031106151
0.1305 5.15964569771741
0.1306 5.17330413545341
0.1307 5.15946335666224
0.1308 5.13752581579253
0.1309 5.13861760035181
0.131 5.16811641552679
0.1311 5.17143884027695
0.1312 5.15018061445991
0.1313 5.16855123260198
0.1314 5.19613578909492
0.1315 5.1664423133198
0.1316 5.17669856849842
0.1317 5.20243754041865
0.1318 5.20427013178547
0.1319 5.14708839109357
0.132 5.19096249149775
0.1321 5.2315524385891
0.1322 5.19948807607544
0.1323 5.17487952776313
0.1324 5.223075706022
0.1325 5.17711888480973
0.1326 5.19185182249605
0.1327 5.2207042949172
0.1328 5.18709793540528
0.1329 5.19487227408347
0.133 5.20125018991623
0.1331 5.23582545158358
0.1332 5.21101803504834
0.1333 5.22320544257689
0.1334 5.21528663026386
0.1335 5.2171047820971
0.1336 5.22777226739252
0.1337 5.21458010035231
0.1338 5.20948380410769
0.1339 5.25544493885497
0.134 5.2084099700186
0.1341 5.18193385279332
0.1342 5.26323422954801
0.1343 5.20927131908977
0.1344 5.2527200087536
0.1345 5.21709045537625
0.1346 5.26144997990546
0.1347 5.22938500530141
0.1348 5.23746384157673
0.1349 5.23700460829643
0.135 5.26516860585783
0.1351 5.23366078541835
0.1352 5.24893294371056
0.1353 5.25652963030688
0.1354 5.23086593878777
0.1355 5.25532875249839
0.1356 5.26309187872248
0.1357 5.26482452523102
0.1358 5.25020972058065
0.1359 5.2620607631158
0.136 5.24064819751893
0.1361 5.25791027517246
0.1362 5.27392851929478
0.1363 5.29664902410581
0.1364 5.27868072746737
0.1365 5.27051888824085
0.1366 5.28522539591387
0.1367 5.2667537452631
0.1368 5.29935032459297
0.1369 5.28173787168411
0.137 5.26463074299036
0.1371 5.30975132909459
0.1372 5.2634056559054
0.1373 5.2945001091578
0.1374 5.32675030820692
0.1375 5.26034903803541
0.1376 5.28875855530699
0.1377 5.30216478507108
0.1378 5.28336538899196
0.1379 5.28594758086501
0.138 5.33031279325307
0.1381 5.30754422493709
0.1382 5.33271087156829
0.1383 5.33824694826783
0.1384 5.30136201349546
0.1385 5.340909771511
0.1386 5.3029411878998
0.1387 5.31684205376758
0.1388 5.29149829632335
0.1389 5.31511581705623
0.139 5.30680325398785
0.1391 5.3575042915594
0.1392 5.33845159193861
0.1393 5.35576866738385
0.1394 5.35182717177038
0.1395 5.29984888237115
0.1396 5.33845529366569
0.1397 5.3312399282302
0.1398 5.37060616403734
0.1399 5.3665763525183
0.14 5.33425183289527
0.1401 5.35039268654208
0.1402 5.34328912892532
0.1403 5.37676775249076
0.1404 5.34710932846702
0.1405 5.33510762278262
0.1406 5.35946805253993
0.1407 5.36341492378179
0.1408 5.37671212417869
0.1409 5.34980329279772
0.141 5.33232448990333
0.1411 5.349730846637
0.1412 5.34418029229548
0.1413 5.38979446071604
0.1414 5.38147904122424
0.1415 5.35128580052135
0.1416 5.39718210506549
0.1417 5.40379337916628
0.1418 5.33326508487905
0.1419 5.4162467308241
0.142 5.4143038512821
0.1421 5.40162908697402
0.1422 5.3729925890649
0.1423 5.41724157721487
0.1424 5.39925472464753
0.1425 5.39552366799552
0.1426 5.38593548726144
0.1427 5.36421288551704
0.1428 5.38045167007125
0.1429 5.41455219271577
0.143 5.35348932685646
0.1431 5.39657311335616
0.1432 5.3951053514993
0.1433 5.43742430728629
0.1434 5.42210689087368
0.1435 5.45641048638231
0.1436 5.4056016692272
0.1437 5.39063819582427
0.1438 5.44046300347398
0.1439 5.41671929154483
0.144 5.43021625665852
0.1441 5.42039184443086
0.1442 5.42381785980229
0.1443 5.43330819699468
0.1444 5.4218321169373
0.1445 5.43921147224824
0.1446 5.42447647908711
0.1447 5.44897918084348
0.1448 5.42098740592573
0.1449 5.44311817687239
0.145 5.44105322883017
0.1451 5.45145043052984
0.1452 5.43756999045396
0.1453 5.42511606452487
0.1454 5.46712220845794
0.1455 5.48615916244159
0.1456 5.44521953129268
0.1457 5.42987201155463
0.1458 5.49190177455352
0.1459 5.45105741224295
0.146 5.43225153409384
0.1461 5.46170772398807
0.1462 5.44547841272544
0.1463 5.43756034105173
0.1464 5.44739071194029
0.1465 5.45722435988859
0.1466 5.48746135606718
0.1467 5.4906649107176
0.1468 5.4450593524412
0.1469 5.47061144139903
0.147 5.47922923700904
0.1471 5.46222787742786
0.1472 5.43803302981809
0.1473 5.48454763736086
0.1474 5.49717757003279
0.1475 5.48084096954056
0.1476 5.47722566253633
0.1477 5.50947747407581
0.1478 5.46675391193564
0.1479 5.4893576646272
0.148 5.48062610528908
0.1481 5.50003270298803
0.1482 5.50409246902989
0.1483 5.47586062375814
0.1484 5.47025021745873
0.1485 5.48723608684024
0.1486 5.49496172658708
0.1487 5.5504968977328
0.1488 5.51230296932867
0.1489 5.4908174533741
0.149 5.497485304429
0.1491 5.50544939274576
0.1492 5.51792244742267
0.1493 5.53611749998575
0.1494 5.52525051564028
0.1495 5.50693434506082
0.1496 5.53132680905949
0.1497 5.5387685274273
0.1498 5.4866845248608
0.1499 5.54260491901892
0.15 5.50308113754587
0.1501 5.51223651711406
0.1502 5.51568702539712
0.1503 5.54829694928775
0.1504 5.5142096874511
0.1505 5.56171651198735
0.1506 5.54308236283131
0.1507 5.52636222534257
0.1508 5.49998986530189
0.1509 5.54907775672344
0.151 5.55311281484396
0.1511 5.57356902345827
0.1512 5.55144923991177
0.1513 5.52639293274897
0.1514 5.55854778794289
0.1515 5.55745326901294
0.1516 5.52937967865545
0.1517 5.57543289709301
0.1518 5.54516144186171
0.1519 5.59928809629153
0.152 5.56551379366438
0.1521 5.561459952375
0.1522 5.53385785886451
0.1523 5.58080872541281
0.1524 5.58403409928288
0.1525 5.58087873272208
0.1526 5.61358734061596
0.1527 5.56134318622892
0.1528 5.55775298803237
0.1529 5.6016204623837
0.153 5.59381366244926
0.1531 5.58209543670049
0.1532 5.58341120911258
0.1533 5.59597953935109
0.1534 5.56909359024621
0.1535 5.56208260388597
0.1536 5.59231780800187
0.1537 5.58516822497732
0.1538 5.59817369300739
0.1539 5.54611057060641
0.154 5.59247593085515
0.1541 5.5808545985046
0.1542 5.55694472498761
0.1543 5.57547080824242
0.1544 5.59732639692546
0.1545 5.59973821600424
0.1546 5.59235549231814
0.1547 5.6450878800601
0.1548 5.61784841308421
0.1549 5.57105956391795
0.155 5.65613071149511
0.1551 5.5855649089157
0.1552 5.61193494019464
0.1553 5.56463655619499
0.1554 5.63502214117421
0.1555 5.64019634948264
0.1556 5.63172597630504
0.1557 5.58455585601682
0.1558 5.64747129812634
0.1559 5.64606304680721
0.156 5.58465744339714
0.1561 5.56241329692607
0.1562 5.58886566768004
0.1563 5.6361902545825
0.1564 5.61942190571941
0.1565 5.61264623358293
0.1566 5.62460014510301
0.1567 5.63173618518702
0.1568 5.60601197954854
0.1569 5.59980343140155
0.157 5.6329372714946
0.1571 5.66468552774668
0.1572 5.60920322211038
0.1573 5.69362019801564
0.1574 5.6204340040017
0.1575 5.61367301177827
0.1576 5.64347985270712
0.1577 5.65363785250221
0.1578 5.66844960761014
0.1579 5.67204958908966
0.158 5.64658031024634
0.1581 5.65416518243091
0.1582 5.63219828475395
0.1583 5.67899589036523
0.1584 5.69543641788454
0.1585 5.67600645391179
0.1586 5.62362775189856
0.1587 5.63301454344223
0.1588 5.6511096040174
0.1589 5.62810457114593
0.159 5.65427094048348
0.1591 5.66075244122926
0.1592 5.62981326771187
0.1593 5.67248559261323
0.1594 5.6555360157868
0.1595 5.68371031771485
0.1596 5.68961333646753
0.1597 5.67157717815326
0.1598 5.66716555769363
0.1599 5.68683791057085
0.16 5.66281822777035
0.1601 5.66476862043828
0.1602 5.69038533699692
0.1603 5.62405006809955
0.1604 5.66272865558833
0.1605 5.6999506916864
0.1606 5.67418581982
0.1607 5.68780193631734
0.1608 5.70375868690753
0.1609 5.72084684383214
0.161 5.66568004422019
0.1611 5.72879506431635
0.1612 5.65367821221183
0.1613 5.7181147763695
0.1614 5.72554137115987
0.1615 5.67946439470352
0.1616 5.67961369755762
0.1617 5.71745507048186
0.1618 5.69074462376676
0.1619 5.70838591517852
0.162 5.721197707065
0.1621 5.68462388478296
0.1622 5.75122831184746
0.1623 5.69214155242123
0.1624 5.73649911180265
0.1625 5.71667173704639
0.1626 5.66437023376255
0.1627 5.70125412243914
0.1628 5.73881269559126
0.1629 5.74968007808877
0.163 5.68517916346482
0.1631 5.74068526739438
0.1632 5.75915717765932
0.1633 5.71582345936002
0.1634 5.72036908711476
0.1635 5.78276880109283
0.1636 5.7294589401949
0.1637 5.7491038055426
0.1638 5.77394744169964
0.1639 5.7513341362212
0.164 5.7295453624731
0.1641 5.75285840690809
0.1642 5.75569507390884
0.1643 5.74559890958846
0.1644 5.74043252783734
0.1645 5.78706437377809
0.1646 5.74547803230176
0.1647 5.78072457453097
0.1648 5.75661488027847
0.1649 5.73101654755214
0.165 5.79730346137907
0.1651 5.71666896777055
0.1652 5.75137743962028
0.1653 5.7684317273976
0.1654 5.7893387783565
0.1655 5.77259164303521
0.1656 5.7551464085314
0.1657 5.7702877029352
0.1658 5.7635904055454
0.1659 5.76665586866929
0.166 5.75863562860059
0.1661 5.73167599131328
0.1662 5.77734547572131
0.1663 5.77993634883856
0.1664 5.71063068061411
0.1665 5.79561504334469
0.1666 5.76321606541745
0.1667 5.73308204810804
0.1668 5.75250986597255
0.1669 5.78349869864638
0.167 5.76738873115398
0.1671 5.78895626840912
0.1672 5.75865976926245
0.1673 5.74510927906161
0.1674 5.80251643099795
0.1675 5.80390930192738
0.1676 5.82748890659923
0.1677 5.80542223913162
0.1678 5.82114186692252
0.1679 5.80914448582876
0.168 5.76541289550047
0.1681 5.80946494930127
0.1682 5.75645644297957
0.1683 5.75708894455953
0.1684 5.78870466832272
0.1685 5.76174693412576
0.1686 5.79648461656632
0.1687 5.77928931092486
0.1688 5.80158100791921
0.1689 5.79586553382806
0.169 5.79930195080981
0.1691 5.81444745949479
0.1692 5.76791890622056
0.1693 5.78445025277198
0.1694 5.80168830046011
0.1695 5.83646091326554
0.1696 5.7925607422943
0.1697 5.82873682590963
0.1698 5.81407820826248
0.1699 5.80716737466935
0.17 5.79349350728081
0.1701 5.79486733300481
0.1702 5.80646065989959
0.1703 5.76790616415721
0.1704 5.79450020409947
0.1705 5.83095619841354
0.1706 5.85460504008659
0.1707 5.83589172940353
0.1708 5.81024493229643
0.1709 5.83130974037769
0.171 5.81305941538918
0.1711 5.83766210837695
0.1712 5.83670142996704
0.1713 5.81221460592707
0.1714 5.84317591305372
0.1715 5.80497514836028
0.1716 5.7802474129467
0.1717 5.82549736956611
0.1718 5.85085442638317
0.1719 5.82018922453624
0.172 5.8443530725652
0.1721 5.84447679416903
0.1722 5.87242813847085
0.1723 5.82090526286372
0.1724 5.87122804182247
0.1725 5.90150560623475
0.1726 5.83558002235435
0.1727 5.87019246713494
0.1728 5.80987716234619
0.1729 5.8514043028552
0.173 5.85482550488423
0.1731 5.82556814433398
0.1732 5.79645832096726
0.1733 5.83543703782076
0.1734 5.80303863615974
0.1735 5.854615221966
0.1736 5.87948864086317
0.1737 5.84783020744251
0.1738 5.82407887369708
0.1739 5.85470574544346
0.174 5.83720056416991
0.1741 5.88141346536322
0.1742 5.85163339934212
0.1743 5.84498830947514
0.1744 5.88137822995217
0.1745 5.83058304118474
0.1746 5.83608683181555
0.1747 5.89254310491341
0.1748 5.89575043838318
0.1749 5.8976041789869
0.175 5.82708973811811
0.1751 5.82963558754667
0.1752 5.79440256754767
0.1753 5.87827685125197
0.1754 5.91369054169136
0.1755 5.92564983282176
0.1756 5.83792465577446
0.1757 5.90394853129952
0.1758 5.92938772342572
0.1759 5.87849316413711
0.176 5.84635095221781
0.1761 5.87998484048028
0.1762 5.8565218497888
0.1763 5.87242064678034
0.1764 5.87611998836691
0.1765 5.87646776961588
0.1766 5.87488109193249
0.1767 5.90541975311501
0.1768 5.86170070628519
0.1769 5.87697633586554
0.177 5.91013809609334
0.1771 5.91189663297693
0.1772 5.85525396167516
0.1773 5.89182173755488
0.1774 5.87358626349542
0.1775 5.93745036583031
0.1776 5.93758805008067
0.1777 5.91600429891215
0.1778 5.87819120345246
0.1779 5.91380460473626
0.178 5.88568509247391
0.1781 5.88500223241839
0.1782 5.86946933134176
0.1783 5.86909406322242
0.1784 5.86483868769898
0.1785 5.89564517446622
0.1786 5.93417192738438
0.1787 5.94094284322827
0.1788 5.93320520657232
0.1789 5.8765339434081
0.179 5.88967291943725
0.1791 5.90165284765764
0.1792 5.88551532771449
0.1793 5.95338285268438
0.1794 5.91689203572741
0.1795 5.90853845388886
0.1796 5.8949482755134
0.1797 5.88807353025562
0.1798 5.86213896861975
0.1799 5.94968565328455
0.18 5.90896351308907
0.1801 5.91076337101332
0.1802 5.86554955179054
0.1803 5.91956667845164
0.1804 5.94547347224584
0.1805 5.98462598280781
0.1806 5.94694530412651
0.1807 5.88522278638256
0.1808 5.92649285027133
0.1809 5.93375956126701
0.181 5.93031420995215
0.1811 5.93354144540181
0.1812 5.94927849503901
0.1813 5.86660518262515
0.1814 5.94142227055462
0.1815 5.91404352209692
0.1816 5.93343998171542
0.1817 5.91355649591704
0.1818 5.90067659651331
0.1819 5.89869934986579
0.182 5.87505094424543
0.1821 5.93252805882845
0.1822 5.93324207581838
0.1823 5.93532383211828
0.1824 5.93500103700559
0.1825 5.93321200199523
0.1826 5.96815517786561
0.1827 5.94563607924873
0.1828 5.95485597536448
0.1829 5.94725958071632
0.183 5.91881451220545
0.1831 5.9595902234873
0.1832 5.97192252976029
0.1833 5.96991989800696
0.1834 5.95707589231819
0.1835 5.98512109911395
0.1836 5.9713180782982
0.1837 5.92162901383015
0.1838 5.94355451795407
0.1839 5.9901774606585
0.184 5.97591466523627
0.1841 5.97264308153866
0.1842 5.95474842401303
0.1843 5.96407738993784
0.1844 5.94172492252575
0.1845 5.9937669791661
0.1846 5.97069068624265
0.1847 5.99310271607376
0.1848 5.99112858928395
0.1849 5.9474779730983
0.185 5.97389528644811
0.1851 5.94401378355798
0.1852 5.9840712946286
0.1853 5.93478868623417
0.1854 5.97751513679071
0.1855 6.01294140610855
0.1856 5.97665288572428
0.1857 5.97393204874402
0.1858 5.97029670388868
0.1859 5.98568010715512
0.186 6.01996150970953
0.1861 5.96060168658941
0.1862 5.95070392372739
0.1863 5.99152571057366
0.1864 6.01611712450763
0.1865 5.99690687482151
0.1866 5.97435497597971
0.1867 6.00875924171246
0.1868 6.02452432534575
0.1869 5.97406168255805
0.187 5.99585596841502
0.1871 6.02044641594563
0.1872 6.0296181868013
0.1873 6.03261574496574
0.1874 5.99073467391449
0.1875 5.97007846627173
0.1876 5.97913812656343
0.1877 5.9966927596821
0.1878 6.01292583480227
0.1879 5.99940432566003
0.188 6.0266353126739
0.1881 6.00967286952555
0.1882 5.99512505583682
0.1883 5.9944570950453
0.1884 6.04693604281785
0.1885 5.99036421205156
0.1886 6.00226831782062
0.1887 6.04978935007625
0.1888 6.02070932958134
0.1889 5.98450345234361
0.189 5.98815260790249
0.1891 5.9864711023335
0.1892 6.05441384591977
0.1893 6.03477276919965
0.1894 5.96008329727544
0.1895 6.00213815150747
0.1896 6.01010133158863
0.1897 5.97776873870714
0.1898 6.01775877723758
0.1899 6.05463262546196
0.19 6.04005991497098
0.1901 6.01095203382204
0.1902 6.01933877849296
0.1903 5.99081828161841
0.1904 6.06501300304098
0.1905 6.03433715783714
0.1906 5.99600168611241
0.1907 5.99627887946993
0.1908 6.01831629575268
0.1909 6.06319087938516
0.191 6.03259896928025
0.1911 6.02741557944395
0.1912 5.99684820614091
0.1913 6.00006848032299
0.1914 6.04352069630943
0.1915 6.04323162381932
0.1916 6.03393077306711
0.1917 6.00629879467447
0.1918 6.05362353126976
0.1919 6.02917549365418
0.192 6.0393137725582
0.1921 6.03003869390567
0.1922 6.02480155451983
0.1923 6.06443570729581
0.1924 6.06223701990037
0.1925 5.97844761201671
0.1926 6.04671402935304
0.1927 6.05314842116966
0.1928 6.05552440976074
0.1929 6.02487185556844
0.193 6.08039007433149
0.1931 6.02722772417961
0.1932 6.00274311577128
0.1933 6.02611543178673
0.1934 6.07217358157055
0.1935 6.05514208709615
0.1936 6.076841835013
0.1937 6.04064788796649
0.1938 6.06923735358798
0.1939 6.06277989163058
0.194 6.03657690864545
0.1941 6.06687235692872
0.1942 6.07984991315104
0.1943 6.0734790078759
0.1944 6.08943883036835
0.1945 6.05217047340135
0.1946 6.07105443887242
0.1947 6.03329742987249
0.1948 6.10164702462489
0.1949 6.07452433652095
0.195 6.01708825999236
0.1951 6.03724944552044
0.1952 6.07338264215339
0.1953 6.13279240843498
0.1954 6.08992208203848
0.1955 6.07163349064543
0.1956 6.00530831755096
0.1957 6.02503573804385
0.1958 6.06064507558063
0.1959 6.08631463954894
0.196 6.07747957849102
0.1961 6.04862981288713
0.1962 6.08179507888138
0.1963 6.06370269816795
0.1964 6.06713619056916
0.1965 6.07826889577374
0.1966 5.99602185004531
0.1967 6.08792347462379
0.1968 6.11860735998772
0.1969 6.04368785251819
0.197 6.0655768445614
0.1971 6.02791997488405
0.1972 6.07962767264884
0.1973 6.11324620581738
0.1974 6.11331475770179
0.1975 6.07989390578024
0.1976 6.10050830746302
0.1977 6.08466859735955
0.1978 6.05685641612628
0.1979 6.08229791590837
0.198 6.09077529693353
0.1981 6.07659588159799
0.1982 6.09024010988185
0.1983 6.1095460261025
0.1984 6.07743128447219
0.1985 6.09807004785739
0.1986 6.06810636966147
0.1987 6.08533086765745
0.1988 6.12467543574305
0.1989 6.0925139208142
0.199 6.10556692322556
0.1991 6.09978136598431
0.1992 6.11165034760106
0.1993 6.0938023260212
0.1994 6.0815525441192
0.1995 6.12112963245087
0.1996 6.1376132745989
0.1997 6.10604821101797
0.1998 6.14418592925773
0.1999 6.1132350719274
0.2 6.09093203209728
0.2001 6.14147034725183
0.2002 6.09111797586496
0.2003 6.06000251575384
0.2004 6.12893009306514
0.2005 6.08236131243417
0.2006 6.10365483283622
0.2007 6.11038295454911
0.2008 6.11320714843186
0.2009 6.07883522825516
0.201 6.11403527360195
0.2011 6.16238522134989
0.2012 6.15675530884559
0.2013 6.06719089538486
0.2014 6.09073879849375
0.2015 6.11175877761479
0.2016 6.13199870066373
0.2017 6.18416586044336
0.2018 6.19586626842445
0.2019 6.16205448788398
0.202 6.11581207965311
0.2021 6.1347539727222
0.2022 6.14970484848798
0.2023 6.09911811578704
0.2024 6.09561119848212
0.2025 6.13254383903734
0.2026 6.08763104792525
0.2027 6.10653977607774
0.2028 6.09042840590394
0.2029 6.10697722523619
0.203 6.06509228190045
0.2031 6.0923589394275
0.2032 6.07923230505819
0.2033 6.05826992250869
0.2034 6.04841445062869
0.2035 6.0608326030142
0.2036 6.04525535268685
0.2037 6.0891796008918
0.2038 6.08096988356713
0.2039 6.11407244273524
0.204 6.12112679036905
0.2041 6.0940898487929
0.2042 6.10350750519855
0.2043 6.11153276276635
0.2044 6.10995924064741
0.2045 6.06445077278321
0.2046 5.99544195177363
0.2047 6.0422099328307
0.2048 6.02083013032956
0.2049 5.99377944985563
0.205 5.96528233351796
0.2051 5.92831178981582
0.2052 5.9280183691981
0.2053 5.91667013953889
0.2054 5.90650412521722
0.2055 5.83013190149681
0.2056 5.83090906223956
0.2057 5.71162198171386
0.2058 5.70834382485252
0.2059 5.64204607554984
0.206 5.58600065573728
0.2061 5.48724552361958
0.2062 5.50634656107579
0.2063 5.41345475671355
0.2064 5.35065813385979
0.2065 5.32995577617304
0.2066 5.25641137636231
0.2067 5.21774262545424
0.2068 5.12084854106911
0.2069 5.03662730388272
0.207 4.94478472907747
0.2071 4.85558693640754
0.2072 4.78141218374127
0.2073 4.7140578963958
0.2074 4.63561439114831
0.2075 4.53825154036893
0.2076 4.43094733566855
0.2077 4.35162578403984
0.2078 4.1924804095251
0.2079 4.13451777445303
0.208 4.01706581008022
0.2081 3.87784630831671
0.2082 3.77633087689245
0.2083 3.6640349578779
0.2084 3.56802597324763
0.2085 3.47510776852937
0.2086 3.33223165039779
0.2087 3.20285250636874
0.2088 3.05273917998596
0.2089 2.93780344651921
0.209 2.7822947078253
0.2091 2.65970456113107
0.2092 2.46798756850989
0.2093 2.32726156884336
0.2094 2.15417816189398
0.2095 1.99542899518348
0.2096 1.84282455106694
0.2097 1.6933080032047
0.2098 1.51191091185631
0.2099 1.30397672571892
0.21 1.1416894135495
0.2101 0.929988466820181
0.2102 0.758896261154833
0.2103 0.557695879208989
0.2104 0.395845299448465
0.2105 0.171428359325204
0.2106 -0.0164715637491593
0.2107 -0.144883927794684
0.2108 -0.264733068369981
0.2109 -0.372737933787663
0.211 -0.460425393927931
0.2111 -0.559013790790268
0.2112 -0.68245217881607
0.2113 -0.809848582204647
0.2114 -0.895748296675079
0.2115 -1.03569610054997
0.2116 -1.08529099934543
0.2117 -1.12348499238921
0.2118 -1.21370796932395
0.2119 -1.3109918657782
0.212 -1.41335519504728
0.2121 -1.49030318007881
0.2122 -1.60813519680703
0.2123 -1.73793549366973
0.2124 -1.85234278470219
0.2125 -2.01328402510011
0.2126 -2.14403289731056
0.2127 -2.26400562223157
0.2128 -2.40085239447354
0.2129 -2.47329603953535
0.213 -2.60924778477442
0.2131 -2.68548202092638
0.2132 -2.72849844684677
0.2133 -2.84486338941047
0.2134 -2.94170527808129
0.2135 -2.97711223243326
0.2136 -3.08023082962356
0.2137 -3.19654151838241
0.2138 -3.30015289325211
0.2139 -3.45330528236334
0.214 -3.53104819062274
0.2141 -3.61171740370883
0.2142 -3.73363445649926
0.2143 -3.77015109729252
0.2144 -3.82270227920453
0.2145 -3.8501845126843
0.2146 -3.89755261222038
0.2147 -3.9033482572588
0.2148 -3.79444742267945
0.2149 -3.69001779726327
0.215 -3.61044099575697
0.2151 -3.53764970431013
0.2152 -3.43239934982592
0.2153 -3.35307039229721
0.2154 -3.20101603128999
0.2155 -3.10472865654482
0.2156 -3.01370717847513
0.2157 -2.89030883960072
0.2158 -2.77373497977757
0.2159 -2.59414776268995
0.216 -2.40204242539037
0.2161 -2.19681363248105
0.2162 -2.02371450659087
0.2163 -1.80731041583806
0.2164 -1.57700438424207
0.2165 -1.37688944226545
0.2166 -1.16959106669697
0.2167 -0.931555100498075
0.2168 -0.744059531569719
0.2169 -0.555637304791957
0.217 -0.348430653479079
0.2171 -0.159853136963928
0.2172 0.0429701947179097
0.2173 0.201443408139924
0.2174 0.36599298991742
0.2175 0.542784486050771
0.2176 0.684339532998329
0.2177 0.833897410564329
0.2178 0.980612566550273
0.2179 1.0788623862972
0.218 1.22028522047261
0.2181 1.28671308739308
0.2182 1.3806360880857
0.2183 1.47393635591088
0.2184 1.49412171746993
0.2185 1.58804974507195
0.2186 1.68036734751438
0.2187 1.76709559765086
0.2188 1.85179566071919
0.2189 1.96524747617976
0.219 2.06183335983124
0.2191 2.15227559992185
0.2192 2.24608680903161
0.2193 2.32527416104002
0.2194 2.40677307750091
0.2195 2.47699201864831
0.2196 2.52601450816647
0.2197 2.6350521173336
0.2198 2.64824954559651
0.2199 2.67200524498834
0.22 2.70621714426697
0.2201 2.72910671517283
0.2202 2.72167266055407
0.2203 2.72734493370456
0.2204 2.73884178597061
0.2205 2.74073180787192
0.2206 2.68586763842561
0.2207 2.71694540110731
0.2208 2.72263578304554
0.2209 2.71676501135443
0.221 2.73241192276673
0.2211 2.68670174878844
0.2212 2.69727627946614
0.2213 2.7238239970363
0.2214 2.73228835933191
0.2215 2.71604321960422
0.2216 2.75523836074959
0.2217 2.76773909126339
0.2218 2.74691849008152
0.2219 2.68452452001893
0.222 2.71613138314778
0.2221 2.71869140324187
0.2222 2.67256797642058
0.2223 2.65983927319205
0.2224 2.66402269653727
0.2225 2.63590848195981
0.2226 2.56735518026522
0.2227 2.525728918376
0.2228 2.45310633374082
0.2229 2.38108075966535
0.223 2.33554366629781
0.2231 2.24233855117568
0.2232 2.13992936205523
0.2233 2.0542430070962
0.2234 1.9800255361934
0.2235 1.86704523493268
0.2236 1.80256303314125
0.2237 1.67631355105085
0.2238 1.56249321915352
0.2239 1.42257201743911
0.224 1.29945334585838
0.2241 1.12211216174214
0.2242 1.01452235366961
0.2243 0.894759450169125
0.2244 0.762290409319326
0.2245 0.642233911793024
0.2246 0.529128220944097
0.2247 0.420475467430933
0.2248 0.304182057761797
0.2249 0.189502554482574
0.225 0.0547074859547544
0.2251 -0.0708966065431121
0.2252 -0.232508915540791
0.2253 -0.384025442107524
0.2254 -0.55006576791624
0.2255 -0.690876743374968
0.2256 -0.8376022818368
0.2257 -1.0145992679334
0.2258 -1.14124432799476
0.2259 -1.31348066533962
0.226 -1.44470127551735
0.2261 -1.64272071453445
0.2262 -1.79822703729159
0.2263 -1.98023470749769
0.2264 -2.176031048495
0.2265 -2.35579651634153
0.2266 -2.51562324128541
0.2267 -2.65746880380876
0.2268 -2.81285258050291
0.2269 -2.98187575951567
0.227 -3.07645021256168
0.2271 -3.19099088587292
0.2272 -3.24407306333595
0.2273 -3.32189895091804
0.2274 -3.41258074167731
0.2275 -3.42410495880137
0.2276 -3.50112018475959
0.2277 -3.55769312391557
0.2278 -3.56417820310518
0.2279 -3.56918690465021
0.228 -3.56395639294452
0.2281 -3.53965141095368
0.2282 -3.48499776150422
0.2283 -3.43536715846542
0.2284 -3.36636142847841
0.2285 -3.27759102631761
0.2286 -3.18774883684806
0.2287 -3.06044267824342
0.2288 -2.90476688977582
0.2289 -2.79301508833891
0.229 -2.66510911928383
0.2291 -2.52642753184854
0.2292 -2.37330649883439
0.2293 -2.23227476181755
0.2294 -2.05742998347811
0.2295 -1.90193788193549
0.2296 -1.75263062703634
0.2297 -1.63481480192608
0.2298 -1.4497684555919
0.2299 -1.33376813143733
0.23 -1.18487669880005
0.2301 -1.0674499089805
0.2302 -0.892280281883454
0.2303 -0.727702080503845
0.2304 -0.585885461941776
0.2305 -0.40403748556098
0.2306 -0.263942256605811
0.2307 -0.119966838491889
0.2308 0.0284697437152123
0.2309 0.166224230731275
0.231 0.308075846504796
0.2311 0.458561613460209
0.2312 0.590081523768756
0.2313 0.741542921265302
0.2314 0.88114397501096
0.2315 0.999562377780631
0.2316 1.15329445622177
0.2317 1.2986899861956
0.2318 1.40851775061688
0.2319 1.52996294609874
0.232 1.60408095701745
0.2321 1.67906503315481
0.2322 1.76292001834484
0.2323 1.89270268558389
0.2324 1.9461939292903
0.2325 2.03777811868268
0.2326 2.12710616342601
0.2327 2.15840254411315
0.2328 2.22108340329123
0.2329 2.31051241429089
0.233 2.35462285297348
0.2331 2.39483082559736
0.2332 2.45816598957477
0.2333 2.50118383972665
0.2334 2.54475543202498
0.2335 2.56456804368918
0.2336 2.61459559552902
0.2337 2.64839981975065
0.2338 2.67011970614962
0.2339 2.68637988528423
0.234 2.73651270357555
0.2341 2.68779352247301
0.2342 2.74369195948095
0.2343 2.75254208074438
0.2344 2.80492427323564
0.2345 2.77330780890632
0.2346 2.76419691125528
0.2347 2.76459330950817
0.2348 2.74813914872193
0.2349 2.72923486322783
0.235 2.71506066910892
0.2351 2.65260968331454
0.2352 2.60666276560049
0.2353 2.59390330513199
0.2354 2.53484386179539
0.2355 2.46284385273101
0.2356 2.41041920550715
0.2357 2.36200893908697
0.2358 2.29311423816842
0.2359 2.21438467681049
0.236 2.17265819024976
0.2361 2.12006723296282
0.2362 2.03130675606057
0.2363 1.95942332530064
0.2364 1.8916487744916
0.2365 1.83393071165258
0.2366 1.7674172409579
0.2367 1.72270808129057
0.2368 1.63398167781275
0.2369 1.57807787105039
0.237 1.52724108549029
0.2371 1.44389753777515
0.2372 1.40155970565978
0.2373 1.33664472638251
0.2374 1.23121976638016
0.2375 1.14634195440749
0.2376 1.06651676435545
0.2377 0.94953000081553
0.2378 0.848344493236606
0.2379 0.698912382700612
0.238 0.558072603060063
0.2381 0.424858234140515
0.2382 0.255810126858101
0.2383 0.106326821163912
0.2384 -0.0479337638071549
0.2385 -0.222636824784345
0.2386 -0.409776200252068
0.2387 -0.56805650445438
0.2388 -0.767615921247266
0.2389 -0.960217355634023
0.239 -1.15107699174233
0.2391 -1.32356931823278
0.2392 -1.5119115320467
0.2393 -1.66079411514315
0.2394 -1.85576534288797
0.2395 -2.01966251702174
0.2396 -2.20554366229749
0.2397 -2.34367154345704
0.2398 -2.50004162907692
0.2399 -2.66270884819184
0.24 -2.73913434882513
0.2401 -2.89558115095802
0.2402 -2.99511559055528
0.2403 -3.13317642469475
0.2404 -3.23533537424554
0.2405 -3.34466750716427
0.2406 -3.43028162237602
0.2407 -3.45425905434394
0.2408 -3.48754215527572
0.2409 -3.51060782986321
0.241 -3.49044662018445
0.2411 -3.49828504226957
0.2412 -3.45342250429551
0.2413 -3.42165311741436
0.2414 -3.34885125737685
0.2415 -3.26412920418977
0.2416 -3.21520312628761
0.2417 -3.13322240038339
0.2418 -3.02492392970831
0.2419 -2.97935327284147
0.242 -2.88391224949372
0.2421 -2.8058228925677
0.2422 -2.68889586767058
0.2423 -2.59024858098891
0.2424 -2.47678692351686
0.2425 -2.3797889748997
0.2426 -2.27595676981859
0.2427 -2.16717486842643
0.2428 -2.0551865384321
0.2429 -1.90855424103663
0.243 -1.76720711971691
0.2431 -1.62231967120311
0.2432 -1.46638902693391
0.2433 -1.29035676831034
0.2434 -1.09802186661853
0.2435 -0.953613974114482
0.2436 -0.789402638869016
0.2437 -0.581871043012331
0.2438 -0.392149314625335
0.2439 -0.210397151858631
0.244 -0.0306686022685938
0.2441 0.133407393850616
0.2442 0.318089825092281
0.2443 0.451493634835884
0.2444 0.620477494793584
0.2445 0.757347178214563
0.2446 0.908201514392496
0.2447 1.04049321804365
0.2448 1.13139204709767
0.2449 1.29223353254987
0.245 1.37083859546891
0.2451 1.51118578542576
0.2452 1.63556054529527
0.2453 1.69720501397414
0.2454 1.82135066472264
0.2455 1.90624484250304
0.2456 1.98132713110077
0.2457 2.10309457898649
0.2458 2.15505421165159
0.2459 2.23108126873671
0.246 2.26876455656603
0.2461 2.3426547551614
0.2462 2.39312285584934
0.2463 2.41208583903746
0.2464 2.47520897190694
0.2465 2.48204721368144
0.2466 2.50863472657988
0.2467 2.50447475494357
0.2468 2.51204727525606
0.2469 2.53096285442635
0.247 2.52272299656778
0.2471 2.4897520242874
0.2472 2.50729183752983
0.2473 2.53390588233684
0.2474 2.50403005458109
0.2475 2.49310801513231
0.2476 2.49321140266882
0.2477 2.50836902916424
0.2478 2.47921037730162
0.2479 2.43718550408902
0.248 2.43269916987829
0.2481 2.44477652309622
0.2482 2.41617158444888
0.2483 2.39713699954827
0.2484 2.41535977685663
0.2485 2.40920904562669
0.2486 2.33789170550679
0.2487 2.31587200043163
0.2488 2.29616659232249
0.2489 2.25328851231627
0.249 2.24439491162043
0.2491 2.25046372405502
0.2492 2.20725065426978
0.2493 2.17764646568546
0.2494 2.15178339536304
0.2495 2.07499894529937
0.2496 2.04006269906892
0.2497 2.01680119112493
0.2498 1.960814121899
0.2499 1.91634651663685
0.25 1.85368426113874
0.2501 1.75600147026726
0.2502 1.68771452016751
0.2503 1.56748787704354
0.2504 1.45314775256697
0.2505 1.36824710865828
0.2506 1.25048425454201
0.2507 1.13933907407452
0.2508 1.03619199641647
0.2509 0.933468783410901
0.251 0.787861218539625
0.2511 0.681091084436708
0.2512 0.52878963958532
0.2513 0.366397202166953
0.2514 0.196424782095743
0.2515 0.026614287501907
0.2516 -0.109901479591074
0.2517 -0.287146647745152
0.2518 -0.468083311795932
0.2519 -0.652366090420552
0.252 -0.82991556553967
0.2521 -1.03720285822713
0.2522 -1.21836743821218
0.2523 -1.37371754945531
0.2524 -1.51296927383869
0.2525 -1.65074135100766
0.2526 -1.83370763420198
0.2527 -1.95435942712891
0.2528 -2.1096036724537
0.2529 -2.22094348966339
0.253 -2.3633029067657
0.2531 -2.52610242578811
0.2532 -2.59853900634765
0.2533 -2.70862872896287
0.2534 -2.84753917642567
0.2535 -2.95984785341679
0.2536 -3.0015209787197
0.2537 -3.08217049948077
0.2538 -3.1356212085018
0.2539 -3.17748687900683
0.254 -3.21374599774565
0.2541 -3.21047261277282
0.2542 -3.24294907661316
0.2543 -3.22157083009325
0.2544 -3.24220931319699
0.2545 -3.20873770893858
0.2546 -3.19321675688186
0.2547 -3.15396445742391
0.2548 -3.1435572801354
0.2549 -3.10536047105221
0.255 -3.07554843229534
0.2551 -3.0260782843219
0.2552 -2.95537367529192
0.2553 -2.88320633507523
0.2554 -2.78446936535126
0.2555 -2.69144173956048
0.2556 -2.55663010228323
0.2557 -2.41791890613134
0.2558 -2.29109808152271
0.2559 -2.15535469757865
0.256 -2.01063165823106
0.2561 -1.82022440676994
0.2562 -1.66611726771912
0.2563 -1.47952596329616
0.2564 -1.31399635005668
0.2565 -1.13050405765394
0.2566 -0.911179197989058
0.2567 -0.738856997266821
0.2568 -0.567274403498314
0.2569 -0.386301802651634
0.257 -0.219443720689529
0.2571 -0.0756684992474501
0.2572 0.119485223320854
0.2573 0.259608017365791
0.2574 0.406199726395806
0.2575 0.553426745305616
0.2576 0.695011806674011
0.2577 0.851202300014687
0.2578 0.973708638327083
0.2579 1.09758664108029
0.258 1.22584064537251
0.2581 1.3425692368578
0.2582 1.45499327593837
0.2583 1.52727022876596
0.2584 1.6346859528719
0.2585 1.69684434163421
0.2586 1.75889554390692
0.2587 1.82115123987605
0.2588 1.86887029656386
0.2589 1.93697517081985
0.259 1.96585351757511
0.2591 2.00598062329625
0.2592 2.01740037789464
0.2593 2.03965689551855
0.2594 2.07584171458389
0.2595 2.1316124703307
0.2596 2.12364126024667
0.2597 2.18250618308204
0.2598 2.21211654948613
0.2599 2.22225059006574
0.26 2.25704375374075
0.2601 2.2932590102331
0.2602 2.29609501897602
0.2603 2.32697817004215
0.2604 2.33820329253599
0.2605 2.32850168739703
0.2606 2.34627669221224
0.2607 2.39144518635165
0.2608 2.42236003075958
0.2609 2.37145286986451
0.261 2.40785223752923
0.2611 2.44901988705816
0.2612 2.4416481726252
0.2613 2.45404222753264
0.2614 2.4912521733947
0.2615 2.46101163333307
0.2616 2.46659242345157
0.2617 2.50133791928314
0.2618 2.46974990255529
0.2619 2.46596936758428
0.262 2.43652498408638
0.2621 2.43489531553128
0.2622 2.41496424817506
0.2623 2.3797135720765
0.2624 2.33772300500062
0.2625 2.30343997520506
0.2626 2.24302008140899
0.2627 2.18430400755074
0.2628 2.10941058845086
0.2629 2.08498924894936
0.263 1.99434993448854
0.2631 1.94509919402014
0.2632 1.84263525866264
0.2633 1.76407831023303
0.2634 1.71394137900514
0.2635 1.60892580359338
0.2636 1.52422697788425
0.2637 1.43120302808763
0.2638 1.34377166478456
0.2639 1.22851024896072
0.264 1.10786117184722
0.2641 0.978803071835511
0.2642 0.836306001031807
0.2643 0.693704620458303
0.2644 0.57588832680147
0.2645 0.408445868648168
0.2646 0.250581473770881
0.2647 0.101777961925444
0.2648 -0.0398757516029432
0.2649 -0.182500070502155
0.265 -0.308654812102079
0.2651 -0.453190138508452
0.2652 -0.578080173729424
0.2653 -0.735797728201911
0.2654 -0.896825924495018
0.2655 -1.04624014734426
0.2656 -1.20633913362063
0.2657 -1.34653500916225
0.2658 -1.52416456939791
0.2659 -1.68404753742631
0.266 -1.8712054341732
0.2661 -1.98507580995036
0.2662 -2.10589149012261
0.2663 -2.23000953427935
0.2664 -2.33513149251434
0.2665 -2.45327971678197
0.2666 -2.5786132445687
0.2667 -2.68736470246022
0.2668 -2.788487681603
0.2669 -2.87958855409481
0.267 -2.95838049849033
0.2671 -3.04991144985591
0.2672 -3.08961640197273
0.2673 -3.17274049937955
0.2674 -3.23487316398692
0.2675 -3.25691881007841
0.2676 -3.30145710564753
0.2677 -3.31037723576519
0.2678 -3.33736751903527
0.2679 -3.324467976273
0.268 -3.30613058924772
0.2681 -3.26291959125008
0.2682 -3.20489672994374
0.2683 -3.16426934799555
0.2684 -3.06003765030536
0.2685 -2.95626279744782
0.2686 -2.85051261652425
0.2687 -2.72881685247397
0.2688 -2.60659448407606
0.2689 -2.46658102586088
0.269 -2.29416991015268
0.2691 -2.15922811604869
0.2692 -1.97851040403281
0.2693 -1.81317117109592
0.2694 -1.66282347435061
0.2695 -1.48711963505176
0.2696 -1.32783244439491
0.2697 -1.18438256374758
0.2698 -1.00226830083586
0.2699 -0.833815799008304
0.27 -0.690309438898774
0.2701 -0.5120996340991
0.2702 -0.340402989921313
0.2703 -0.150014431835531
0.2704 -0.0130765871460664
0.2705 0.135415432340404
0.2706 0.287876209925003
0.2707 0.425709808977103
0.2708 0.550381685881629
0.2709 0.683257020269465
0.271 0.765003183621288
0.2711 0.901880298786578
0.2712 0.957313404230318
0.2713 1.08096421783877
0.2714 1.15994970286034
0.2715 1.24696169009854
0.2716 1.33764057562043
0.2717 1.40460998888744
0.2718 1.49994319178169
0.2719 1.55994275534896
0.272 1.66460561730756
0.2721 1.71038389020246
0.2722 1.79746214460791
0.2723 1.87669351571195
0.2724 1.96202819784309
0.2725 2.01681366013079
0.2726 2.06038100976817
0.2727 2.11646516888691
0.2728 2.18464469240806
0.2729 2.18350257229697
0.273 2.27016343595729
0.2731 2.27361094771241
0.2732 2.32085180316097
0.2733 2.37865902004385
0.2734 2.39949876977271
0.2735 2.44241383317469
0.2736 2.46422513940656
0.2737 2.48326480885534
0.2738 2.52349968096865
0.2739 2.52762453641166
0.274 2.53151477859896
0.2741 2.55304597520491
0.2742 2.56004710174328
0.2743 2.56880046084496
0.2744 2.58470641758488
0.2745 2.59033088420471
0.2746 2.5426191198207
0.2747 2.56473707115497
0.2748 2.52024578843139
0.2749 2.50453665100897
0.275 2.49724528851846
0.2751 2.4446218086197
0.2752 2.44077304784128
0.2753 2.38212972345302
0.2754 2.35335680552533
0.2755 2.34190921380798
0.2756 2.2437524435762
0.2757 2.21704441194009
0.2758 2.15294955216588
0.2759 2.10277218597263
0.276 2.02843071602694
0.2761 1.97351061088878
0.2762 1.87315850404542
0.2763 1.78334153208301
0.2764 1.70042428208288
0.2765 1.60310990716722
0.2766 1.50013185814537
0.2767 1.43326585792459
0.2768 1.34961061099348
0.2769 1.22018362436408
0.277 1.14232555810326
0.2771 1.0598936089685
0.2772 0.97475992066373
0.2773 0.893430402648442
0.2774 0.778911307854034
0.2775 0.690883002141962
0.2776 0.547877860239
0.2777 0.443876522820658
0.2778 0.29892951540375
0.2779 0.171741925925381
0.278 0.0354758461471248
0.2781 -0.128356522275388
0.2782 -0.26816715305773
0.2783 -0.452625904495445
0.2784 -0.618016195398649
0.2785 -0.804439323991411
0.2786 -0.98201017319538
0.2787 -1.14368902824021
0.2788 -1.31391613873947
0.2789 -1.44467970652931
0.279 -1.61911020073694
0.2791 -1.80245066170044
0.2792 -1.94392693700395
0.2793 -2.13066840326833
0.2794 -2.24255597947815
0.2795 -2.3938684490868
0.2796 -2.51520943368841
0.2797 -2.65102518900012
0.2798 -2.73135143643734
0.2799 -2.86158535658496
0.28 -2.97651925655459
0.2801 -3.04123547200955
0.2802 -3.13871866083528
0.2803 -3.2321932070997
0.2804 -3.28322941963582
0.2805 -3.35741055200322
0.2806 -3.36816857783561
0.2807 -3.42134678982752
0.2808 -3.41572026005086
0.2809 -3.40648975675082
0.281 -3.37182243643251
0.2811 -3.35962246212006
0.2812 -3.27751325510266
0.2813 -3.22972840141248
0.2814 -3.10193521472589
0.2815 -3.04681128928512
0.2816 -2.94275313695972
0.2817 -2.81060633582345
0.2818 -2.67717274133928
0.2819 -2.55750719722772
0.282 -2.43539581769812
0.2821 -2.30013196995076
0.2822 -2.14745289352262
0.2823 -2.02931779988931
0.2824 -1.87772339383943
0.2825 -1.7392686794084
0.2826 -1.59496484650305
0.2827 -1.4542209362786
0.2828 -1.29769958038798
0.2829 -1.13713336012468
0.283 -0.994778036090136
0.2831 -0.82639939332653
0.2832 -0.698005768764498
0.2833 -0.5503796990743
0.2834 -0.381988098069895
0.2835 -0.230632007298213
0.2836 -0.0903541743304892
0.2837 0.0472357506555492
0.2838 0.217481682289685
0.2839 0.34073982996449
0.284 0.483129572794853
0.2841 0.594809368112536
0.2842 0.748279995578382
0.2843 0.855115245394592
0.2844 1.00033682452101
0.2845 1.1003786858049
0.2846 1.24809571551347
0.2847 1.34470684405955
0.2848 1.44332123111766
0.2849 1.52399734758962
0.285 1.6437320216254
0.2851 1.70162050798939
0.2852 1.78084838453506
0.2853 1.84758919341356
0.2854 1.9420158302269
0.2855 1.97789216116093
0.2856 2.06452687366207
0.2857 2.09994551198535
0.2858 2.14596612819548
0.2859 2.20466516673108
0.286 2.26808857888782
0.2861 2.31999183923867
0.2862 2.39256143137933
0.2863 2.42429409910064
0.2864 2.42046883435999
0.2865 2.46331860174949
0.2866 2.49291347896929
0.2867 2.50517238845241
0.2868 2.51797110958084
0.2869 2.51526180488937
0.287 2.51794425588582
0.2871 2.52291574679353
0.2872 2.49430812641865
0.2873 2.46441900816556
0.2874 2.45838995146367
0.2875 2.42129687192003
0.2876 2.43363740672175
0.2877 2.42377029938113
0.2878 2.38525150218189
0.2879 2.35133002814467
0.288 2.31491534254335
0.2881 2.28432515785887
0.2882 2.2260523347404
0.2883 2.207739386031
0.2884 2.162777106578
0.2885 2.16514097669818
0.2886 2.0846762953658
0.2887 2.09008416736756
0.2888 2.00641848751093
0.2889 1.94998398402357
0.289 1.93732979606407
0.2891 1.88725964327486
0.2892 1.8227895527401
0.2893 1.77879569388042
0.2894 1.73640320228121
0.2895 1.70474688950829
0.2896 1.67100301683805
0.2897 1.62949630180032
0.2898 1.58646413842246
0.2899 1.53252452797961
0.29 1.45582872869553
0.2901 1.41400148709818
0.2902 1.3020942976441
0.2903 1.2263871420303
0.2904 1.11685049426229
0.2905 1.00726207696823
0.2906 0.902108262455488
0.2907 0.790091978265028
0.2908 0.638984115591559
0.2909 0.498226174616733
0.291 0.364346169287118
0.2911 0.208818482865192
0.2912 0.0961566850439865
0.2913 -0.0853482591415018
0.2914 -0.211027212083668
0.2915 -0.402210472192372
0.2916 -0.557744469466622
0.2917 -0.716986654919831
0.2918 -0.89412562801777
0.2919 -1.06325383073339
0.292 -1.21241723731134
0.2921 -1.36991245527988
0.2922 -1.53170067022547
0.2923 -1.69254625122956
0.2924 -1.84820978161252
0.2925 -1.98856846640794
0.2926 -2.13816720724611
0.2927 -2.28829456947187
0.2928 -2.41598326646614
0.2929 -2.55716042964604
0.293 -2.64252799888605
0.2931 -2.76134306556849
0.2932 -2.83881011537974
0.2933 -2.92564802280544
0.2934 -2.98698096767086
0.2935 -3.03693045657661
0.2936 -3.08127111072046
0.2937 -3.09572280157259
0.2938 -3.09379716721289
0.2939 -3.10484584858182
0.294 -3.11591832614986
0.2941 -3.07600313319698
0.2942 -3.04236513010334
0.2943 -3.00632326775143
0.2944 -2.94830285217345
0.2945 -2.89514277927851
0.2946 -2.85026461539222
0.2947 -2.75061034685245
0.2948 -2.67164852412438
0.2949 -2.6074175461219
0.295 -2.50193100319243
0.2951 -2.43942181836538
0.2952 -2.35364424284129
0.2953 -2.24462842718052
0.2954 -2.18205955848427
0.2955 -2.03642404995525
0.2956 -1.93917506814952
0.2957 -1.79007576952729
0.2958 -1.65425682841461
0.2959 -1.50810490039015
0.296 -1.35751708069066
0.2961 -1.21629177741797
0.2962 -1.06384716035383
0.2963 -0.903608030251473
0.2964 -0.735154351435724
0.2965 -0.56854531639583
0.2966 -0.430419261260956
0.2967 -0.264969558347433
0.2968 -0.0795877094832903
0.2969 0.0723510368203959
0.297 0.215997123314981
0.2971 0.361992292592716
0.2972 0.502748932650521
0.2973 0.654618075119258
0.2974 0.769978371398526
0.2975 0.912006906671772
0.2976 1.02860782939429
0.2977 1.13416549093135
0.2978 1.24866645136758
0.2979 1.37251185321986
0.298 1.46899619447314
0.2981 1.55423151194391
0.2982 1.66186998256708
0.2983 1.72762602252285
0.2984 1.80446280631805
0.2985 1.88627278303247
0.2986 1.92943105209873
0.2987 1.99667474563572
0.2988 2.05653904542414
0.2989 2.05541392108644
0.299 2.13590230217056
0.2991 2.14628104197727
0.2992 2.1948454403076
0.2993 2.24441786599966
0.2994 2.25484540078687
0.2995 2.25508532258161
0.2996 2.2715666594273
0.2997 2.3126652814354
0.2998 2.30622075383646
0.2999 2.29967089704521
0.3 2.3070666977155